Value Percentile TotalCount 1/(1-Percentile)

0.06 0.000000 9 1.00
1.47 0.050000 105269 1.05
1.50 0.100000 227336 1.11
1.51 0.150000 366359 1.18
1.52 0.200000 454807 1.25
1.53 0.250000 554386 1.33
1.53 0.300000 661802 1.43
1.54 0.350000 773897 1.54
1.55 0.400000 885548 1.67
1.56 0.450000 993532 1.82
1.57 0.500000 1093281 2.00
1.57 0.525000 1093281 2.11
1.57 0.550000 1180776 2.22
1.57 0.575000 1180776 2.35
1.58 0.600000 1255904 2.50
1.58 0.625000 1255904 2.67
1.59 0.650000 1318296 2.86
1.60 0.675000 1368664 3.08
1.61 0.700000 1408955 3.33
1.62 0.725000 1466406 3.64
1.64 0.750000 1502926 4.00
1.66 0.762500 1527787 4.21
1.68 0.775000 1552788 4.44
1.74 0.787500 1575525 4.71
1.94 0.800000 1600498 5.00
1.99 0.812500 1627090 5.33
2.03 0.825000 1655325 5.71
2.06 0.837500 1682929 6.15
2.10 0.850000 1714888 6.67
2.11 0.862500 1731871 7.27
2.14 0.875000 1767286 8.00
2.14 0.881250 1767286 8.42
2.16 0.887500 1784838 8.89
2.17 0.893750 1802027 9.41
2.17 0.900000 1802027 10.00
2.19 0.906250 1818064 10.67
2.21 0.912500 1832799 11.43
2.22 0.918750 1845941 12.31
2.24 0.925000 1857181 13.33
2.25 0.931250 1866283 14.55
2.29 0.937500 1879523 16.00
2.30 0.940625 1883869 16.84
2.33 0.943750 1889594 17.78
2.38 0.946875 1893840 18.82
2.77 0.950000 1900577 20.00
2.83 0.953125 1907897 21.33
2.86 0.956250 1915362 22.86
2.88 0.959375 1919989 24.62
2.90 0.962500 1925449 26.67
2.91 0.965625 1931362 29.09
2.93 0.968750 1937813 32.00
2.94 0.970313 1944467 33.68
2.94 0.971875 1944467 35.56
2.96 0.973437 1951345 37.65
2.96 0.975000 1951345 40.00
2.98 0.976562 1958043 42.67
2.98 0.978125 1958043 45.71
2.99 0.979688 1964225 49.23
2.99 0.981250 1964225 53.33
3.01 0.982812 1969957 58.18
3.01 0.984375 1969957 64.00
3.02 0.985156 1974955 67.37
3.02 0.985938 1974955 71.11
3.02 0.986719 1974955 75.29
3.04 0.987500 1979220 80.00
3.04 0.988281 1979220 85.33
3.04 0.989062 1979220 91.43
3.06 0.989844 1982812 98.46
3.06 0.990625 1982812 106.67
3.07 0.991406 1985536 116.36
3.07 0.992188 1985536 128.00
3.07 0.992578 1985536 134.74
3.09 0.992969 1987655 142.22
3.09 0.993359 1987655 150.59
3.09 0.993750 1987655 160.00
3.10 0.994141 1989215 170.67
3.10 0.994531 1989215 182.86
3.12 0.994922 1990403 196.92
3.13 0.995313 1991201 213.33
3.15 0.995703 1991797 232.73
3.17 0.996094 1992224 256.00
3.20 0.996289 1992893 269.47
3.21 0.996484 1993170 284.44
3.23 0.996680 1993462 301.18
3.25 0.996875 1993770 320.00
3.28 0.997070 1994225 341.33
3.31 0.997266 1994597 365.71
3.36 0.997461 1994929 393.85
3.55 0.997656 1995330 426.67
3.77 0.997852 1995731 465.45
4.00 0.998047 1996099 512.00
4.13 0.998145 1996313 538.95
4.25 0.998242 1996517 568.89
4.38 0.998340 1996702 602.35
4.51 0.998437 1996892 640.00
4.64 0.998535 1997077 682.67
4.77 0.998633 1997269 731.43
4.93 0.998730 1997498 787.69
5.05 0.998828 1997673 853.33
5.21 0.998926 1997896 930.91
5.34 0.999023 1998074 1024.00
5.41 0.999072 1998160 1077.89
5.47 0.999121 1998262 1137.78
5.54 0.999170 1998353 1204.71
5.60 0.999219 1998460 1280.00
5.66 0.999268 1998546 1365.33
5.73 0.999316 1998646 1462.86
5.82 0.999365 1998755 1575.38
5.89 0.999414 1998829 1706.67
5.98 0.999463 1998930 1861.82
6.08 0.999512 1999032 2048.00
6.11 0.999536 1999077 2155.79
6.17 0.999561 1999136 2275.56
6.24 0.999585 1999200 2409.41
6.27 0.999609 1999226 2560.00
6.33 0.999634 1999281 2730.67
6.40 0.999658 1999333 2925.71
6.46 0.999683 1999371 3150.77
6.56 0.999707 1999426 3413.33
6.66 0.999731 1999473 3723.64
6.78 0.999756 1999521 4096.00
6.85 0.999768 1999548 4311.58
6.91 0.999780 1999571 4551.11
6.97 0.999792 1999594 4818.82
7.04 0.999805 1999610 5120.00
7.17 0.999817 1999639 5461.33
7.26 0.999829 1999663 5851.43
7.39 0.999841 1999687 6301.54
7.55 0.999854 1999714 6826.67
7.71 0.999866 1999736 7447.27
7.90 0.999878 1999760 8192.00
8.00 0.999884 1999771 8623.16
8.16 0.999890 1999783 9102.22
8.38 0.999896 1999795 9637.65
12.22 0.999902 1999806 10240.00
12.54 0.999908 1999817 10922.67
12.93 0.999915 1999831 11702.86
13.12 0.999921 1999844 12603.08
13.31 0.999927 1999856 13653.33
13.50 0.999933 1999868 14894.55
13.70 0.999939 1999880 16384.00
13.76 0.999942 1999887 17246.32
13.82 0.999945 1999891 18204.44
13.95 0.999948 1999898 19275.29
14.08 0.999951 1999904 20480.00
14.21 0.999954 1999911 21845.33
14.27 0.999957 1999916 23405.71
14.34 0.999960 1999921 25206.15
14.40 0.999963 1999927 27306.67
14.53 0.999966 1999936 29789.09
14.59 0.999969 1999941 32768.00
14.65 0.999971 1999944 34492.63
14.72 0.999973 1999950 36408.89
14.72 0.999974 1999950 38550.59
14.78 0.999976 1999953 40960.00
14.85 0.999977 1999956 43690.67
14.91 0.999979 1999959 46811.43
14.97 0.999980 1999961 50412.31
15.04 0.999982 1999965 54613.33
15.10 0.999983 1999967 59578.18
15.17 0.999985 1999970 65536.00
15.23 0.999986 1999972 68985.26
15.29 0.999986 1999975 72817.78
15.29 0.999987 1999975 77101.18
15.36 0.999988 1999977 81920.00
15.42 0.999989 1999979 87381.33
15.42 0.999989 1999979 93622.86
15.49 0.999990 1999981 100824.62
15.55 0.999991 1999983 109226.67
15.62 0.999992 1999985 119156.36
15.62 0.999992 1999985 131072.00
15.68 0.999993 1999987 137970.53
15.68 0.999993 1999987 145635.56
15.74 0.999994 1999989 154202.35
15.74 0.999994 1999989 163840.00
15.74 0.999994 1999989 174762.67
15.81 0.999995 1999990 187245.71
15.87 0.999995 1999992 201649.23
15.87 0.999995 1999992 218453.33
15.87 0.999996 1999992 238312.73
16.00 0.999996 1999994 262144.00
16.00 0.999996 1999994 275941.05
16.00 0.999997 1999994 291271.11
16.00 0.999997 1999994 308404.71
16.00 0.999997 1999994 327680.00
16.06 0.999997 1999995 349525.33
16.06 0.999997 1999995 374491.43
16.13 0.999998 1999996 403298.46
16.13 0.999998 1999996 436906.67
16.13 0.999998 1999996 476625.45
16.19 0.999998 1999997 524288.00
16.19 0.999998 1999997 551882.11
16.19 0.999998 1999997 582542.22
16.19 0.999998 1999997 616809.41
16.19 0.999998 1999997 655360.00
16.25 0.999999 1999998 699050.67
16.25 0.999999 1999998 748982.86
16.25 0.999999 1999998 806596.92
16.25 0.999999 1999998 873813.33
16.25 0.999999 1999998 953250.91
16.32 0.999999 1999999 1048576.00
16.32 0.999999 1999999 1103764.21
16.32 0.999999 1999999 1165084.44
16.32 0.999999 1999999 1233618.82
16.32 0.999999 1999999 1310720.00
16.32 0.999999 1999999 1398101.33
16.32 0.999999 1999999 1497965.71
16.32 0.999999 1999999 1613193.85
16.32 0.999999 1999999 1747626.67
16.32 0.999999 1999999 1906501.82
16.51 1.000000 2000000 2097152.00
16.51 1.000000 2000000 inf
