Value Percentile TotalCount 1/(1-Percentile)

0.06 0.000000 12 1.00
1.46 0.050000 109094 1.05
1.49 0.100000 222241 1.11
1.50 0.150000 349244 1.18
1.51 0.200000 428942 1.25
1.52 0.250000 518882 1.33
1.53 0.300000 617265 1.43
1.53 0.350000 721589 1.54
1.54 0.400000 827920 1.67
1.55 0.450000 931182 1.82
1.56 0.500000 1028980 2.00
1.57 0.525000 1118565 2.11
1.57 0.550000 1118565 2.22
1.57 0.575000 1198035 2.35
1.58 0.600000 1267082 2.50
1.58 0.625000 1267082 2.67
1.59 0.650000 1325028 2.86
1.60 0.675000 1372048 3.08
1.61 0.700000 1410483 3.33
1.62 0.725000 1465438 3.64
1.65 0.750000 1509062 4.00
1.67 0.762500 1527334 4.21
1.86 0.775000 1550968 4.44
1.94 0.787500 1576507 4.71
1.98 0.800000 1600913 5.00
2.01 0.812500 1626620 5.33
2.04 0.825000 1656873 5.71
2.06 0.837500 1681980 6.15
2.10 0.850000 1718429 6.67
2.11 0.862500 1737101 7.27
2.13 0.875000 1756039 8.00
2.14 0.881250 1774897 8.42
2.16 0.887500 1793102 8.89
2.16 0.893750 1793102 9.41
2.17 0.900000 1810486 10.00
2.19 0.906250 1826895 10.67
2.19 0.912500 1826895 11.43
2.21 0.918750 1841543 12.31
2.22 0.925000 1854471 13.33
2.24 0.931250 1865498 14.55
2.27 0.937500 1881549 16.00
2.27 0.940625 1881549 16.84
2.30 0.943750 1891107 17.78
2.32 0.946875 1893925 18.82
2.45 0.950000 1900136 20.00
2.77 0.953125 1906945 21.33
2.81 0.956250 1914687 22.86
2.85 0.959375 1923077 24.62
2.86 0.962500 1928224 26.67
2.88 0.965625 1933860 29.09
2.90 0.968750 1939937 32.00
2.91 0.970313 1946326 33.68
2.91 0.971875 1946326 35.56
2.93 0.973437 1952919 37.65
2.93 0.975000 1952919 40.00
2.94 0.976562 1959447 42.67
2.94 0.978125 1959447 45.71
2.94 0.979688 1959447 49.23
2.96 0.981250 1965554 53.33
2.98 0.982812 1971228 58.18
2.98 0.984375 1971228 64.00
2.98 0.985156 1971228 67.37
2.99 0.985938 1976294 71.11
2.99 0.986719 1976294 75.29
2.99 0.987500 1976294 80.00
3.01 0.988281 1980646 85.33
3.01 0.989062 1980646 91.43
3.01 0.989844 1980646 98.46
3.02 0.990625 1984207 106.67
3.02 0.991406 1984207 116.36
3.04 0.992188 1987127 128.00
3.04 0.992578 1987127 134.74
3.04 0.992969 1987127 142.22
3.04 0.993359 1987127 150.59
3.06 0.993750 1989346 160.00
3.06 0.994141 1989346 170.67
3.06 0.994531 1989346 182.86
3.07 0.994922 1991017 196.92
3.07 0.995313 1991017 213.33
3.09 0.995703 1992236 232.73
3.09 0.996094 1992236 256.00
3.10 0.996289 1993078 269.47
3.10 0.996484 1993078 284.44
3.12 0.996680 1993670 301.18
3.13 0.996875 1994069 320.00
3.15 0.997070 1994304 341.33
3.18 0.997266 1994570 365.71
3.31 0.997461 1994935 393.85
3.52 0.997656 1995334 426.67
3.74 0.997852 1995714 465.45
4.00 0.998047 1996112 512.00
4.13 0.998145 1996319 538.95
4.25 0.998242 1996502 568.89
4.38 0.998340 1996694 602.35
4.54 0.998437 1996923 640.00
4.67 0.998535 1997112 682.67
4.80 0.998633 1997304 731.43
4.93 0.998730 1997495 787.69
5.05 0.998828 1997690 853.33
5.18 0.998926 1997852 930.91
5.31 0.999023 1998054 1024.00
5.38 0.999072 1998170 1077.89
5.44 0.999121 1998272 1137.78
5.50 0.999170 1998377 1204.71
5.57 0.999219 1998461 1280.00
5.63 0.999268 1998556 1365.33
5.70 0.999316 1998634 1462.86
5.79 0.999365 1998750 1575.38
5.89 0.999414 1998870 1706.67
5.95 0.999463 1998955 1861.82
6.01 0.999512 1999031 2048.00
6.05 0.999536 1999075 2155.79
6.11 0.999561 1999146 2275.56
6.14 0.999585 1999174 2409.41
6.21 0.999609 1999227 2560.00
6.27 0.999634 1999288 2730.67
6.33 0.999658 1999333 2925.71
6.40 0.999683 1999378 3150.77
6.46 0.999707 1999435 3413.33
6.53 0.999731 1999473 3723.64
6.59 0.999756 1999513 4096.00
6.66 0.999768 1999544 4311.58
6.72 0.999780 1999568 4551.11
6.78 0.999792 1999594 4818.82
6.85 0.999805 1999617 5120.00
6.94 0.999817 1999643 5461.33
7.01 0.999829 1999664 5851.43
7.10 0.999841 1999688 6301.54
7.20 0.999854 1999709 6826.67
7.33 0.999866 1999734 7447.27
7.46 0.999878 1999756 8192.00
7.68 0.999884 1999774 8623.16
7.81 0.999890 1999782 9102.22
8.26 0.999896 1999795 9637.65
10.30 0.999902 1999806 10240.00
10.56 0.999908 1999819 10922.67
10.81 0.999915 1999831 11702.86
11.01 0.999921 1999847 12603.08
11.20 0.999927 1999856 13653.33
11.39 0.999933 1999869 14894.55
11.58 0.999939 1999884 16384.00
11.65 0.999942 1999889 17246.32
11.71 0.999945 1999892 18204.44
11.90 0.999948 1999898 19275.29
12.03 0.999951 1999904 20480.00
12.10 0.999954 1999910 21845.33
12.16 0.999957 1999917 23405.71
12.22 0.999960 1999921 25206.15
12.35 0.999963 1999930 27306.67
12.48 0.999966 1999937 29789.09
12.54 0.999969 1999940 32768.00
12.61 0.999971 1999943 34492.63
12.67 0.999973 1999946 36408.89
12.80 0.999974 1999949 38550.59
12.93 0.999976 1999953 40960.00
12.99 0.999977 1999956 43690.67
13.05 0.999979 1999960 46811.43
13.12 0.999980 1999964 50412.31
13.12 0.999982 1999964 54613.33
13.18 0.999983 1999969 59578.18
13.25 0.999985 1999972 65536.00
13.25 0.999986 1999972 68985.26
13.31 0.999986 1999976 72817.78
13.31 0.999987 1999976 77101.18
13.31 0.999988 1999976 81920.00
13.38 0.999989 1999979 87381.33
13.38 0.999989 1999979 93622.86
13.50 0.999990 1999984 100824.62
13.50 0.999991 1999984 109226.67
13.50 0.999992 1999984 119156.36
13.57 0.999992 1999987 131072.00
13.57 0.999993 1999987 137970.53
13.57 0.999993 1999987 145635.56
13.63 0.999994 1999990 154202.35
13.63 0.999994 1999990 163840.00
13.63 0.999994 1999990 174762.67
13.63 0.999995 1999990 187245.71
13.70 0.999995 1999991 201649.23
13.70 0.999995 1999991 218453.33
13.76 0.999996 1999992 238312.73
13.82 0.999996 1999993 262144.00
13.82 0.999996 1999993 275941.05
13.89 0.999997 1999994 291271.11
13.89 0.999997 1999994 308404.71
13.89 0.999997 1999994 327680.00
13.95 0.999997 1999995 349525.33
13.95 0.999997 1999995 374491.43
14.02 0.999998 1999996 403298.46
14.02 0.999998 1999996 436906.67
14.02 0.999998 1999996 476625.45
14.08 0.999998 1999998 524288.00
14.08 0.999998 1999998 551882.11
14.08 0.999998 1999998 582542.22
14.08 0.999998 1999998 616809.41
14.08 0.999998 1999998 655360.00
14.08 0.999999 1999998 699050.67
14.08 0.999999 1999998 748982.86
14.08 0.999999 1999998 806596.92
14.08 0.999999 1999998 873813.33
14.08 0.999999 1999998 953250.91
14.14 0.999999 1999999 1048576.00
14.14 0.999999 1999999 1103764.21
14.14 0.999999 1999999 1165084.44
14.14 0.999999 1999999 1233618.82
14.14 0.999999 1999999 1310720.00
14.14 0.999999 1999999 1398101.33
14.14 0.999999 1999999 1497965.71
14.14 0.999999 1999999 1613193.85
14.14 0.999999 1999999 1747626.67
14.14 0.999999 1999999 1906501.82
14.21 1.000000 2000000 2097152.00
14.21 1.000000 2000000 inf
