       Value   Percentile   TotalCount 1/(1-Percentile)

        0.21     0.000000            1         1.00
        1.49     0.050000        23228         1.05
        1.64     0.100000        47312         1.11
        1.70     0.150000        69394         1.18
        1.74     0.200000        96926         1.25
        1.75     0.250000       118374         1.33
        1.77     0.300000       142740         1.43
        1.78     0.350000       167173         1.54
        1.80     0.400000       188258         1.67
        1.82     0.450000       211324         1.82
        1.85     0.500000       230854         2.00
        1.88     0.525000       242012         2.11
        1.90     0.550000       253417         2.22
        1.93     0.575000       264010         2.35
        1.96     0.600000       273725         2.50
        2.08     0.625000       284801         2.67
        2.27     0.650000       295968         2.86
        2.45     0.675000       308174         3.08
        2.53     0.700000       318808         3.33
        2.61     0.725000       332427         3.64
        2.67     0.750000       342869         4.00
        2.72     0.762500       348173         4.21
        2.83     0.775000       352923         4.44
        3.09     0.787500       358545         4.71
        3.26     0.800000       364088         5.00
        3.34     0.812500       370283         5.33
        3.39     0.825000       375797         5.71
        3.44     0.837500       383212         6.15
        3.47     0.850000       390516         6.67
        3.49     0.862500       394974         7.27
        3.50     0.875000       399973         8.00
        3.52     0.881250       404917         8.42
        3.52     0.887500       404917         8.89
        3.54     0.893750       409705         9.41
        3.54     0.900000       409705        10.00
        3.55     0.906250       414275        10.67
        3.57     0.912500       418472        11.43
        3.57     0.918750       418472        12.31
        3.58     0.925000       421976        13.33
        3.60     0.931250       425055        14.55
        3.62     0.937500       427807        16.00
        3.63     0.940625       430366        16.84
        3.63     0.943750       430366        17.78
        3.65     0.946875       432685        18.82
        3.65     0.950000       432685        20.00
        3.66     0.953125       434694        21.33
        3.68     0.956250       436502        22.86
        3.69     0.959375       438202        24.62
        3.69     0.962500       438202        26.67
        3.71     0.965625       439613        29.09
        3.73     0.968750       440816        32.00
        3.74     0.970313       441706        33.68
        3.76     0.971875       442543        35.56
        3.77     0.973437       443223        37.65
        3.79     0.975000       443822        40.00
        3.82     0.976562       444781        42.67
        3.84     0.978125       445198        45.71
        3.87     0.979688       445895        49.23
        3.90     0.981250       446484        53.33
        3.95     0.982812       447259        58.18
        4.00     0.984375       447947        64.00
        4.03     0.985156       448284        67.37
        4.08     0.985938       448658        71.11
        4.13     0.986719       449009        75.29
        4.19     0.987500       449487        80.00
        4.22     0.988281       449671        85.33
        4.32     0.989062       450109        91.43
        4.38     0.989844       450390        98.46
        4.51     0.990625       450778       106.67
        4.64     0.991406       451109       116.36
        4.80     0.992188       451506       128.00
        4.86     0.992578       451647       134.74
        4.99     0.992969       451845       142.22
        5.09     0.993359       451985       150.59
        5.28     0.993750       452200       160.00
        5.41     0.994141       452334       170.67
        5.60     0.994531       452520       182.86
        5.92     0.994922       452712       196.92
        6.37     0.995313       452869       213.33
        6.85     0.995703       453046       232.73
        7.29     0.996094       453240       256.00
        7.55     0.996289       453319       269.47
        7.90     0.996484       453401       284.44
        8.26     0.996680       453494       301.18
        8.57     0.996875       453582       320.00
        9.09     0.997070       453678       341.33
        9.54     0.997266       453776       365.71
        9.92     0.997461       453846       393.85
       10.43     0.997656       453937       426.67
       11.13     0.997852       454026       465.45
       11.90     0.998047       454121       512.00
       12.22     0.998145       454161       538.95
       12.54     0.998242       454203       568.89
       12.86     0.998340       454247       602.35
       13.18     0.998437       454295       640.00
       13.44     0.998535       454337       682.67
       13.76     0.998633       454379       731.43
       14.21     0.998730       454426       787.69
       14.78     0.998828       454471       853.33
       15.17     0.998926       454513       930.91
       15.74     0.999023       454557      1024.00
       16.00     0.999072       454583      1077.89
       16.32     0.999121       454605      1137.78
       16.64     0.999170       454626      1204.71
       17.02     0.999219       454653      1280.00
       17.41     0.999268       454672      1365.33
       17.79     0.999316       454691      1462.86
       18.18     0.999365       454714      1575.38
       18.56     0.999414       454737      1706.67
       18.82     0.999463       454758      1861.82
       19.45     0.999512       454778      2048.00
       19.71     0.999536       454790      2155.79
       19.97     0.999561       454807      2275.56
       20.22     0.999585       454816      2409.41
       20.48     0.999609       454826      2560.00
       20.73     0.999634       454835      2730.67
       20.99     0.999658       454849      2925.71
       21.12     0.999683       454856      3150.77
       21.38     0.999707       454870      3413.33
       21.63     0.999731       454880      3723.64
       21.76     0.999756       454890      4096.00
       22.02     0.999768       454898      4311.58
       22.14     0.999780       454902      4551.11
       22.40     0.999792       454908      4818.82
       22.66     0.999805       454918      5120.00
       22.66     0.999817       454918      5461.33
       22.91     0.999829       454925      5851.43
       23.17     0.999841       454928      6301.54
       23.55     0.999854       454934      6826.67
       23.93     0.999866       454939      7447.27
       24.19     0.999878       454948      8192.00
       24.19     0.999884       454948      8623.16
       24.45     0.999890       454952      9102.22
       24.57     0.999896       454953      9637.65
       25.09     0.999902       454957     10240.00
       25.21     0.999908       454961     10922.67
       25.34     0.999915       454965     11702.86
       25.34     0.999921       454965     12603.08
       25.47     0.999927       454967     13653.33
       25.86     0.999933       454970     14894.55
       26.24     0.999939       454974     16384.00
       26.24     0.999942       454974     17246.32
       26.37     0.999945       454977     18204.44
       26.37     0.999948       454977     19275.29
       26.62     0.999951       454979     20480.00
       26.75     0.999954       454981     21845.33
       26.75     0.999957       454981     23405.71
       27.14     0.999960       454982     25206.15
       27.39     0.999963       454984     27306.67
       27.52     0.999966       454986     29789.09
       27.65     0.999969       454987     32768.00
       27.65     0.999971       454987     34492.63
       27.90     0.999973       454988     36408.89
       28.03     0.999974       454989     38550.59
       28.03     0.999976       454989     40960.00
       28.29     0.999977       454991     43690.67
       28.29     0.999979       454991     46811.43
       28.29     0.999980       454991     50412.31
       28.41     0.999982       454992     54613.33
       28.54     0.999983       454993     59578.18
       28.67     0.999985       454994     65536.00
       28.67     0.999986       454994     68985.26
       28.67     0.999986       454994     72817.78
       29.18     0.999987       454995     77101.18
       29.18     0.999988       454995     81920.00
       29.18     0.999989       454995     87381.33
       29.44     0.999989       454996     93622.86
       29.44     0.999990       454996    100824.62
       29.44     0.999991       454996    109226.67
       29.70     0.999992       454997    119156.36
       29.70     0.999992       454997    131072.00
       29.70     0.999993       454997    137970.53
       29.70     0.999993       454997    145635.56
       29.82     0.999994       454998    154202.35
       29.82     0.999994       454998    163840.00
       29.82     0.999994       454998    174762.67
       29.82     0.999995       454998    187245.71
       29.82     0.999995       454998    201649.23
       29.82     0.999995       454998    218453.33
       30.08     0.999996       454999    238312.73
       30.08     0.999996       454999    262144.00
       30.08     0.999996       454999    275941.05
       30.08     0.999997       454999    291271.11
       30.08     0.999997       454999    308404.71
       30.08     0.999997       454999    327680.00
       30.08     0.999997       454999    349525.33
       30.08     0.999997       454999    374491.43
       30.08     0.999998       454999    403298.46
       30.08     0.999998       454999    436906.67
       30.21     0.999998       455000    476625.45
       30.21     1.000000       455000          inf
#[Mean    =        2.286, StdDeviation   =        1.077]
#[Max     =       30.207, Total count    =       455000]
#[Buckets =           10, SubBuckets     =          256]
