       Value   Percentile   TotalCount 1/(1-Percentile)

        0.21     0.000000            6         1.00
        1.49     0.050000       253873         1.05
        1.64     0.100000       520152         1.11
        1.70     0.150000       768295         1.18
        1.74     0.200000      1076771         1.25
        1.75     0.250000      1312825         1.33
        1.77     0.300000      1581308         1.43
        1.78     0.350000      1846754         1.54
        1.80     0.400000      2075710         1.67
        1.81     0.450000      2257039         1.82
        1.85     0.500000      2543702         2.00
        1.87     0.525000      2627360         2.11
        1.90     0.550000      2752990         2.22
        1.93     0.575000      2907094         2.35
        1.96     0.600000      3013107         2.50
        2.08     0.625000      3133140         2.67
        2.27     0.650000      3255405         2.86
        2.45     0.675000      3387938         3.08
        2.53     0.700000      3504686         3.33
        2.61     0.725000      3655519         3.64
        2.67     0.750000      3772011         4.00
        2.70     0.762500      3813786         4.21
        2.81     0.775000      3875803         4.44
        3.07     0.787500      3937722         4.71
        3.26     0.800000      4002793         5.00
        3.34     0.812500      4071928         5.33
        3.39     0.825000      4132612         5.71
        3.44     0.837500      4215524         6.15
        3.46     0.850000      4252772         6.67
        3.49     0.862500      4344078         7.27
        3.50     0.875000      4397908         8.00
        3.52     0.881250      4452817         8.42
        3.52     0.887500      4452817         8.89
        3.54     0.893750      4505778         9.41
        3.54     0.900000      4505778        10.00
        3.55     0.906250      4555256        10.67
        3.57     0.912500      4600388        11.43
        3.57     0.918750      4600388        12.31
        3.58     0.925000      4639181        13.33
        3.60     0.931250      4673253        14.55
        3.62     0.937500      4703702        16.00
        3.62     0.940625      4703702        16.84
        3.63     0.943750      4730851        17.78
        3.65     0.946875      4756003        18.82
        3.65     0.950000      4756003        20.00
        3.66     0.953125      4777879        21.33
        3.68     0.956250      4797705        22.86
        3.68     0.959375      4797705        24.62
        3.69     0.962500      4815843        26.67
        3.71     0.965625      4831524        29.09
        3.73     0.968750      4844348        32.00
        3.74     0.970313      4854527        33.68
        3.76     0.971875      4863094        35.56
        3.77     0.973437      4870268        37.65
        3.79     0.975000      4876717        40.00
        3.82     0.976562      4887238        42.67
        3.84     0.978125      4891922        45.71
        3.87     0.979688      4899444        49.23
        3.92     0.981250      4909234        53.33
        3.95     0.982812      4914632        58.18
        4.00     0.984375      4921982        64.00
        4.03     0.985156      4925856        67.37
        4.08     0.985938      4930241        71.11
        4.13     0.986719      4934006        75.29
        4.19     0.987500      4938915        80.00
        4.25     0.988281      4942909        85.33
        4.32     0.989062      4945666        91.43
        4.42     0.989844      4950068        98.46
        4.51     0.990625      4953294       106.67
        4.64     0.991406      4957313       116.36
        4.80     0.992188      4961370       128.00
        4.89     0.992578      4963401       134.74
        4.99     0.992969      4964898       142.22
        5.15     0.993359      4967201       150.59
        5.28     0.993750      4968842       160.00
        5.47     0.994141      4970765       170.67
        5.73     0.994531      4972826       182.86
        5.95     0.994922      4974629       196.92
        6.37     0.995313      4976571       213.33
        6.85     0.995703      4978558       232.73
        7.39     0.996094      4980488       256.00
        7.81     0.996289      4981536       269.47
        8.16     0.996484      4982479       284.44
        8.51     0.996680      4983435       301.18
        8.89     0.996875      4984426       320.00
        9.34     0.997070      4985420       341.33
        9.73     0.997266      4986331       365.71
       10.24     0.997461      4987316       393.85
       10.81     0.997656      4988341       426.67
       11.46     0.997852      4989329       465.45
       12.03     0.998047      4990240       512.00
       12.35     0.998145      4990779       538.95
       12.67     0.998242      4991280       568.89
       12.99     0.998340      4991765       602.35
       13.31     0.998437      4992219       640.00
       13.63     0.998535      4992676       682.67
       14.02     0.998633      4993186       731.43
       14.40     0.998730      4993702       787.69
       14.78     0.998828      4994175       853.33
       15.23     0.998926      4994660       930.91
       15.74     0.999023      4995142      1024.00
       16.00     0.999072      4995363      1077.89
       16.38     0.999121      4995646      1137.78
       16.77     0.999170      4995941      1204.71
       17.02     0.999219      4996127      1280.00
       17.41     0.999268      4996391      1365.33
       17.79     0.999316      4996639      1462.86
       18.18     0.999365      4996896      1575.38
       18.56     0.999414      4997142      1706.67
       18.94     0.999463      4997363      1861.82
       19.33     0.999512      4997580      2048.00
       19.58     0.999536      4997713      2155.79
       19.84     0.999561      4997841      2275.56
       20.09     0.999585      4997967      2409.41
       20.35     0.999609      4998097      2560.00
       20.61     0.999634      4998214      2730.67
       20.86     0.999658      4998329      2925.71
       21.12     0.999683      4998435      3150.77
       21.38     0.999707      4998543      3413.33
       21.76     0.999731      4998717      3723.64
       22.02     0.999756      4998833      4096.00
       22.14     0.999768      4998880      4311.58
       22.27     0.999780      4998934      4551.11
       22.40     0.999792      4998983      4818.82
       22.53     0.999805      4999025      5120.00
       22.78     0.999817      4999102      5461.33
       23.04     0.999829      4999171      5851.43
       23.17     0.999841      4999209      6301.54
       23.42     0.999854      4999281      6826.67
       23.68     0.999866      4999348      7447.27
       23.93     0.999878      4999410      8192.00
       24.06     0.999884      4999439      8623.16
       24.19     0.999890      4999461      9102.22
       24.32     0.999896      4999487      9637.65
       24.57     0.999902      4999526     10240.00
       24.70     0.999908      4999548     10922.67
       24.96     0.999915      4999589     11702.86
       25.09     0.999921      4999606     12603.08
       25.34     0.999927      4999646     13653.33
       25.60     0.999933      4999679     14894.55
       25.73     0.999939      4999695     16384.00
       25.86     0.999942      4999713     17246.32
       25.98     0.999945      4999728     18204.44
       26.11     0.999948      4999742     19275.29
       26.24     0.999951      4999756     20480.00
       26.50     0.999954      4999776     21845.33
       26.62     0.999957      4999789     23405.71
       26.88     0.999960      4999809     25206.15
       27.01     0.999963      4999819     27306.67
       27.26     0.999966      4999839     29789.09
       27.52     0.999969      4999860     32768.00
       27.52     0.999971      4999860     34492.63
       27.65     0.999973      4999870     36408.89
       27.77     0.999974      4999881     38550.59
       27.77     0.999976      4999881     40960.00
       27.90     0.999977      4999889     43690.67
       28.03     0.999979      4999897     46811.43
       28.16     0.999980      4999904     50412.31
       28.29     0.999982      4999916     54613.33
       28.41     0.999983      4999920     59578.18
       28.54     0.999985      4999924     65536.00
       28.67     0.999986      4999934     68985.26
       28.67     0.999986      4999934     72817.78
       28.80     0.999987      4999937     77101.18
       28.93     0.999988      4999944     81920.00
       28.93     0.999989      4999944     87381.33
       29.05     0.999989      4999950     93622.86
       29.18     0.999990      4999951    100824.62
       29.31     0.999991      4999956    109226.67
       29.44     0.999992      4999962    119156.36
       29.44     0.999992      4999962    131072.00
       29.70     0.999993      4999968    137970.53
       29.70     0.999993      4999968    145635.56
       29.70     0.999994      4999968    154202.35
       29.82     0.999994      4999972    163840.00
       29.82     0.999994      4999972    174762.67
       30.08     0.999995      4999977    187245.71
       30.08     0.999995      4999977    201649.23
       30.21     0.999995      4999980    218453.33
       30.21     0.999996      4999980    238312.73
       30.46     0.999996      4999984    262144.00
       30.46     0.999996      4999984    275941.05
       30.46     0.999997      4999984    291271.11
       30.46     0.999997      4999984    308404.71
       30.59     0.999997      4999985    327680.00
       30.72     0.999997      4999987    349525.33
       30.72     0.999997      4999987    374491.43
       30.85     0.999998      4999988    403298.46
       30.98     0.999998      4999989    436906.67
       31.10     0.999998      4999990    476625.45
       31.23     0.999998      4999991    524288.00
       31.23     0.999998      4999991    551882.11
       31.36     0.999998      4999994    582542.22
       31.36     0.999998      4999994    616809.41
       31.36     0.999998      4999994    655360.00
       31.36     0.999999      4999994    699050.67
       31.36     0.999999      4999994    748982.86
       31.36     0.999999      4999994    806596.92
       31.61     0.999999      4999995    873813.33
       31.61     0.999999      4999995    953250.91
       31.74     0.999999      4999996   1048576.00
       31.74     0.999999      4999996   1103764.21
       31.74     0.999999      4999996   1165084.44
       31.74     0.999999      4999996   1233618.82
       34.56     0.999999      5000000   1310720.00
       34.56     1.000000      5000000          inf
#[Mean    =        2.286, StdDeviation   =        1.081]
#[Max     =       34.559, Total count    =      5000000]
#[Buckets =           10, SubBuckets     =          256]
