       Value   Percentile   TotalCount 1/(1-Percentile)

        0.21     0.000000            5         1.00
        1.49     0.050000       230645         1.05
        1.64     0.100000       472840         1.11
        1.70     0.150000       698901         1.18
        1.74     0.200000       979845         1.25
        1.75     0.250000      1194451         1.33
        1.77     0.300000      1438568         1.43
        1.78     0.350000      1679581         1.54
        1.80     0.400000      1887452         1.67
        1.81     0.450000      2052368         1.82
        1.85     0.500000      2312848         2.00
        1.87     0.525000      2388997         2.11
        1.90     0.550000      2503257         2.22
        1.93     0.575000      2643084         2.35
        1.96     0.600000      2739382         2.50
        2.08     0.625000      2848339         2.67
        2.27     0.650000      2959437         2.86
        2.45     0.675000      3079764         3.08
        2.53     0.700000      3185878         3.33
        2.59     0.725000      3295218         3.64
        2.67     0.750000      3429142         4.00
        2.70     0.762500      3467023         4.21
        2.81     0.775000      3523271         4.44
        3.07     0.787500      3579570         4.71
        3.26     0.800000      3638705         5.00
        3.34     0.812500      3701645         5.33
        3.39     0.825000      3756815         5.71
        3.44     0.837500      3832312         6.15
        3.46     0.850000      3866139         6.67
        3.49     0.862500      3949104         7.27
        3.50     0.875000      3997935         8.00
        3.52     0.881250      4047900         8.42
        3.52     0.887500      4047900         8.89
        3.54     0.893750      4096073         9.41
        3.54     0.900000      4096073        10.00
        3.55     0.906250      4140981        10.67
        3.57     0.912500      4181916        11.43
        3.57     0.918750      4181916        12.31
        3.58     0.925000      4217205        13.33
        3.60     0.931250      4248198        14.55
        3.62     0.937500      4275895        16.00
        3.62     0.940625      4275895        16.84
        3.63     0.943750      4300485        17.78
        3.65     0.946875      4323318        18.82
        3.65     0.950000      4323318        20.00
        3.66     0.953125      4343185        21.33
        3.68     0.956250      4361203        22.86
        3.68     0.959375      4361203        24.62
        3.69     0.962500      4377641        26.67
        3.71     0.965625      4391911        29.09
        3.73     0.968750      4403532        32.00
        3.74     0.970313      4412821        33.68
        3.76     0.971875      4420551        35.56
        3.77     0.973437      4427045        37.65
        3.79     0.975000      4432895        40.00
        3.82     0.976562      4442457        42.67
        3.84     0.978125      4446724        45.71
        3.87     0.979688      4453549        49.23
        3.92     0.981250      4462459        53.33
        3.95     0.982812      4467373        58.18
        4.00     0.984375      4474035        64.00
        4.03     0.985156      4477572        67.37
        4.08     0.985938      4481583        71.11
        4.13     0.986719      4484997        75.29
        4.19     0.987500      4489428        80.00
        4.25     0.988281      4493069        85.33
        4.32     0.989062      4495557        91.43
        4.42     0.989844      4499539        98.46
        4.51     0.990625      4502516       106.67
        4.64     0.991406      4506204       116.36
        4.80     0.992188      4509864       128.00
        4.89     0.992578      4511699       134.74
        4.99     0.992969      4513053       142.22
        5.15     0.993359      4515146       150.59
        5.28     0.993750      4516642       160.00
        5.50     0.994141      4518629       170.67
        5.73     0.994531      4520213       182.86
        5.98     0.994922      4522080       196.92
        6.37     0.995313      4523702       213.33
        6.85     0.995703      4525512       232.73
        7.42     0.996094      4527314       256.00
        7.81     0.996289      4528153       269.47
        8.16     0.996484      4529023       284.44
        8.57     0.996680      4530045       301.18
        8.96     0.996875      4530931       320.00
        9.34     0.997070      4531696       341.33
        9.79     0.997266      4532651       365.71
       10.30     0.997461      4533517       393.85
       10.81     0.997656      4534351       426.67
       11.46     0.997852      4535271       465.45
       12.10     0.998047      4536234       512.00
       12.35     0.998145      4536598       538.95
       12.67     0.998242      4537056       568.89
       12.99     0.998340      4537496       602.35
       13.31     0.998437      4537906       640.00
       13.70     0.998535      4538400       682.67
       14.08     0.998633      4538871       731.43
       14.40     0.998730      4539258       787.69
       14.78     0.998828      4539704       853.33
       15.23     0.998926      4540147       930.91
       15.74     0.999023      4540585      1024.00
       16.06     0.999072      4540825      1077.89
       16.38     0.999121      4541034      1137.78
       16.77     0.999170      4541309      1204.71
       17.02     0.999219      4541474      1280.00
       17.41     0.999268      4541719      1365.33
       17.79     0.999316      4541948      1462.86
       18.05     0.999365      4542118      1575.38
       18.56     0.999414      4542405      1706.67
       18.94     0.999463      4542601      1861.82
       19.33     0.999512      4542807      2048.00
       19.58     0.999536      4542927      2155.79
       19.84     0.999561      4543043      2275.56
       20.09     0.999585      4543157      2409.41
       20.35     0.999609      4543276      2560.00
       20.61     0.999634      4543382      2730.67
       20.86     0.999658      4543489      2925.71
       21.12     0.999683      4543579      3150.77
       21.38     0.999707      4543673      3413.33
       21.76     0.999731      4543827      3723.64
       22.02     0.999756      4543935      4096.00
       22.14     0.999768      4543978      4311.58
       22.27     0.999780      4544031      4551.11
       22.40     0.999792      4544075      4818.82
       22.53     0.999805      4544115      5120.00
       22.78     0.999817      4544182      5461.33
       23.04     0.999829      4544246      5851.43
       23.17     0.999841      4544281      6301.54
       23.42     0.999854      4544348      6826.67
       23.68     0.999866      4544412      7447.27
       23.93     0.999878      4544471      8192.00
       24.06     0.999884      4544496      8623.16
       24.19     0.999890      4544513      9102.22
       24.32     0.999896      4544537      9637.65
       24.57     0.999902      4544573     10240.00
       24.70     0.999908      4544595     10922.67
       24.83     0.999915      4544613     11702.86
       25.09     0.999921      4544649     12603.08
       25.34     0.999927      4544681     13653.33
       25.60     0.999933      4544711     14894.55
       25.73     0.999939      4544727     16384.00
       25.86     0.999942      4544743     17246.32
       25.98     0.999945      4544758     18204.44
       26.11     0.999948      4544770     19275.29
       26.24     0.999951      4544782     20480.00
       26.50     0.999954      4544799     21845.33
       26.62     0.999957      4544810     23405.71
       26.88     0.999960      4544828     25206.15
       27.01     0.999963      4544838     27306.67
       27.26     0.999966      4544856     29789.09
       27.39     0.999969      4544863     32768.00
       27.52     0.999971      4544874     34492.63
       27.65     0.999973      4544883     36408.89
       27.65     0.999974      4544883     38550.59
       27.77     0.999976      4544894     40960.00
       27.90     0.999977      4544901     43690.67
       28.03     0.999979      4544908     46811.43
       28.16     0.999980      4544915     50412.31
       28.29     0.999982      4544925     54613.33
       28.29     0.999983      4544925     59578.18
       28.54     0.999985      4544931     65536.00
       28.67     0.999986      4544940     68985.26
       28.67     0.999986      4544940     72817.78
       28.80     0.999987      4544943     77101.18
       28.93     0.999988      4544950     81920.00
       28.93     0.999989      4544950     87381.33
       29.05     0.999989      4544956     93622.86
       29.05     0.999990      4544956    100824.62
       29.31     0.999991      4544961    109226.67
       29.44     0.999992      4544966    119156.36
       29.44     0.999992      4544966    131072.00
       29.70     0.999993      4544971    137970.53
       29.70     0.999993      4544971    145635.56
       29.70     0.999994      4544971    154202.35
       29.82     0.999994      4544974    163840.00
       29.82     0.999994      4544974    174762.67
       30.08     0.999995      4544978    187245.71
       30.08     0.999995      4544978    201649.23
       30.21     0.999995      4544980    218453.33
       30.46     0.999996      4544984    238312.73
       30.46     0.999996      4544984    262144.00
       30.46     0.999996      4544984    275941.05
       30.59     0.999997      4544985    291271.11
       30.72     0.999997      4544987    308404.71
       30.72     0.999997      4544987    327680.00
       30.72     0.999997      4544987    349525.33
       30.85     0.999997      4544988    374491.43
       30.98     0.999998      4544989    403298.46
       31.10     0.999998      4544990    436906.67
       31.23     0.999998      4544991    476625.45
       31.36     0.999998      4544994    524288.00
       31.36     0.999998      4544994    551882.11
       31.36     0.999998      4544994    582542.22
       31.36     0.999998      4544994    616809.41
       31.36     0.999998      4544994    655360.00
       31.36     0.999999      4544994    699050.67
       31.36     0.999999      4544994    748982.86
       31.61     0.999999      4544995    806596.92
       31.61     0.999999      4544995    873813.33
       31.74     0.999999      4544996    953250.91
       31.74     0.999999      4544996   1048576.00
       31.74     0.999999      4544996   1103764.21
       34.56     0.999999      4545000   1165084.44
       34.56     1.000000      4545000          inf
#[Mean    =        2.286, StdDeviation   =        1.081]
#[Max     =       34.559, Total count    =      4545000]
#[Buckets =           10, SubBuckets     =          256]
