       Value   Percentile   TotalCount 1/(1-Percentile)

        0.06     0.000000            7         1.00
        2.62     0.050000       234109         1.05
        2.70     0.100000       582010         1.11
        2.72     0.150000       818367         1.18
        2.73     0.200000      1101449         1.25
        2.75     0.250000      1375853         1.33
        2.75     0.300000      1375853         1.43
        2.77     0.350000      1619923         1.54
        2.78     0.400000      1833014         1.67
        2.81     0.450000      2159489         1.82
        2.83     0.500000      2291570         2.00
        2.85     0.525000      2438090         2.11
        2.86     0.550000      2610615         2.22
        2.88     0.575000      2779762         2.35
        2.88     0.600000      2779762         2.50
        2.90     0.625000      2923201         2.67
        2.91     0.650000      3049143         2.86
        2.93     0.675000      3155654         3.08
        2.94     0.700000      3233834         3.33
        2.98     0.725000      3343176         3.64
        3.01     0.750000      3497784         4.00
        3.01     0.762500      3497784         4.21
        3.02     0.775000      3565798         4.44
        3.04     0.787500      3599788         4.71
        3.10     0.800000      3642491         5.00
        3.18     0.812500      3716913         5.33
        3.21     0.825000      3755460         5.71
        3.26     0.837500      3863700         6.15
        3.26     0.850000      3863700         6.67
        3.28     0.862500      3960440         7.27
        3.29     0.875000      4030081         8.00
        3.29     0.881250      4030081         8.42
        3.31     0.887500      4077033         8.89
        3.31     0.893750      4077033         9.41
        3.33     0.900000      4116360        10.00
        3.34     0.906250      4148476        10.67
        3.34     0.912500      4148476        11.43
        3.38     0.918750      4188722        12.31
        3.41     0.925000      4213758        13.33
        3.46     0.931250      4252234        14.55
        3.47     0.937500      4298571        16.00
        3.47     0.940625      4298571        16.84
        3.47     0.943750      4298571        17.78
        3.49     0.946875      4331196        18.82
        3.49     0.950000      4331196        20.00
        3.50     0.953125      4350437        21.33
        3.50     0.956250      4350437        22.86
        3.52     0.959375      4376886        24.62
        3.52     0.962500      4376886        26.67
        3.54     0.965625      4406432        29.09
        3.54     0.968750      4406432        32.00
        3.55     0.970313      4432173        33.68
        3.55     0.971875      4432173        35.56
        3.55     0.973437      4432173        37.65
        3.55     0.975000      4432173        40.00
        3.57     0.976562      4453551        42.67
        3.57     0.978125      4453551        45.71
        3.57     0.979688      4453551        49.23
        3.58     0.981250      4471479        53.33
        3.58     0.982812      4471479        58.18
        3.60     0.984375      4482746        64.00
        3.60     0.985156      4482746        67.37
        3.60     0.985938      4482746        71.11
        3.62     0.986719      4487455        75.29
        3.63     0.987500      4489203        80.00
        3.69     0.988281      4491802        85.33
        3.81     0.989062      4495788        91.43
        3.92     0.989844      4498878        98.46
        4.25     0.990625      4502927       106.67
        4.38     0.991406      4506170       116.36
        4.54     0.992188      4509685       128.00
        4.64     0.992578      4512783       134.74
        4.67     0.992969      4514305       142.22
        4.70     0.993359      4515916       150.59
        4.74     0.993750      4516760       160.00
        5.15     0.994141      4518428       170.67
        5.76     0.994531      4520170       182.86
        6.50     0.994922      4521933       196.92
        7.23     0.995313      4523710       213.33
        8.16     0.995703      4525501       232.73
        8.96     0.996094      4527310       256.00
        9.47     0.996289      4528216       269.47
        9.98     0.996484      4529096       284.44
       10.49     0.996680      4529966       301.18
       11.01     0.996875      4530852       320.00
       11.39     0.997070      4531694       341.33
       11.78     0.997266      4532594       365.71
       12.22     0.997461      4533528       393.85
       12.67     0.997656      4534429       426.67
       13.18     0.997852      4535241       465.45
       13.76     0.998047      4536156       512.00
       14.02     0.998145      4536580       538.95
       14.34     0.998242      4537093       568.89
       14.59     0.998340      4537498       602.35
       14.85     0.998437      4537914       640.00
       15.17     0.998535      4538434       682.67
       15.42     0.998633      4538835       731.43
       15.68     0.998730      4539236       787.69
       16.00     0.998828      4539722       853.33
       16.32     0.998926      4540216       930.91
       16.64     0.999023      4540673      1024.00
       16.77     0.999072      4540862      1077.89
       16.89     0.999121      4541041      1137.78
       17.15     0.999170      4541391      1204.71
       17.28     0.999219      4541561      1280.00
       17.41     0.999268      4541726      1365.33
       17.66     0.999316      4542039      1462.86
       17.79     0.999365      4542196      1575.38
       18.05     0.999414      4542456      1706.67
       18.18     0.999463      4542580      1861.82
       18.43     0.999512      4542783      2048.00
       18.69     0.999536      4542922      2155.79
       18.94     0.999561      4543034      2275.56
       19.20     0.999585      4543120      2409.41
       19.58     0.999609      4543228      2560.00
       20.35     0.999634      4543347      2730.67
       21.12     0.999658      4543456      2925.71
       21.89     0.999683      4543564      3150.77
       22.66     0.999707      4543671      3413.33
       23.68     0.999731      4543790      3723.64
       24.57     0.999756      4543910      4096.00
       24.96     0.999768      4543956      4311.58
       25.34     0.999780      4544009      4551.11
       25.86     0.999792      4544074      4818.82
       26.24     0.999805      4544125      5120.00
       26.62     0.999817      4544179      5461.33
       27.01     0.999829      4544225      5851.43
       27.39     0.999841      4544281      6301.54
       27.90     0.999854      4544349      6826.67
       28.29     0.999866      4544398      7447.27
       28.80     0.999878      4544461      8192.00
       28.93     0.999884      4544477      8623.16
       29.18     0.999890      4544509      9102.22
       29.44     0.999896      4544544      9637.65
       29.57     0.999902      4544562     10240.00
       29.82     0.999908      4544588     10922.67
       30.08     0.999915      4544626     11702.86
       30.21     0.999921      4544640     12603.08
       30.46     0.999927      4544668     13653.33
       30.72     0.999933      4544696     14894.55
       30.98     0.999939      4544723     16384.00
       31.10     0.999942      4544740     17246.32
       31.23     0.999945      4544752     18204.44
       31.36     0.999948      4544768     19275.29
       31.49     0.999951      4544782     20480.00
       31.61     0.999954      4544793     21845.33
       31.87     0.999957      4544813     23405.71
       32.00     0.999960      4544828     25206.15
       32.13     0.999963      4544844     27306.67
       32.26     0.999966      4544854     29789.09
       32.38     0.999969      4544862     32768.00
       32.51     0.999971      4544873     34492.63
       32.64     0.999973      4544886     36408.89
       32.64     0.999974      4544886     38550.59
       32.77     0.999976      4544895     40960.00
       33.02     0.999977      4544915     43690.67
       33.02     0.999979      4544915     46811.43
       33.02     0.999980      4544915     50412.31
       33.28     0.999982      4544930     54613.33
       33.28     0.999983      4544930     59578.18
       33.53     0.999985      4544941     65536.00
       33.53     0.999986      4544941     68985.26
       33.53     0.999986      4544941     72817.78
       33.79     0.999987      4544951     77101.18
       33.79     0.999988      4544951     81920.00
       33.79     0.999989      4544951     87381.33
       34.05     0.999989      4544961     93622.86
       34.05     0.999990      4544961    100824.62
       34.05     0.999991      4544961    109226.67
       34.30     0.999992      4544966    119156.36
       34.30     0.999992      4544966    131072.00
       34.56     0.999993      4544971    137970.53
       34.56     0.999993      4544971    145635.56
       34.56     0.999994      4544971    154202.35
       34.81     0.999994      4544976    163840.00
       34.81     0.999994      4544976    174762.67
       34.81     0.999995      4544976    187245.71
       35.07     0.999995      4544983    201649.23
       35.07     0.999995      4544983    218453.33
       35.07     0.999996      4544983    238312.73
       35.07     0.999996      4544983    262144.00
       35.33     0.999996      4544985    275941.05
       35.33     0.999997      4544985    291271.11
       35.58     0.999997      4544987    308404.71
       35.58     0.999997      4544987    327680.00
       35.58     0.999997      4544987    349525.33
       35.84     0.999997      4544989    374491.43
       35.84     0.999998      4544989    403298.46
       36.09     0.999998      4544991    436906.67
       36.09     0.999998      4544991    476625.45
       36.61     0.999998      4544992    524288.00
       36.61     0.999998      4544992    551882.11
      207.87     0.999998      4544994    582542.22
      207.87     0.999998      4544994    616809.41
      207.87     0.999998      4544994    655360.00
      207.87     0.999999      4544994    699050.67
      207.87     0.999999      4544994    748982.86
      208.90     0.999999      4544996    806596.92
      208.90     0.999999      4544996    873813.33
      208.90     0.999999      4544996    953250.91
      208.90     0.999999      4544996   1048576.00
      208.90     0.999999      4544996   1103764.21
      209.92     0.999999      4544999   1165084.44
      209.92     0.999999      4544999   1233618.82
      209.92     0.999999      4544999   1310720.00
      209.92     0.999999      4544999   1398101.33
      209.92     0.999999      4544999   1497965.71
      209.92     0.999999      4544999   1613193.85
      209.92     0.999999      4544999   1747626.67
      209.92     0.999999      4544999   1906501.82
      209.92     1.000000      4544999   2097152.00
      209.92     1.000000      4544999   2207528.42
      209.92     1.000000      4544999   2330168.89
      209.92     1.000000      4544999   2467237.65
      209.92     1.000000      4544999   2621440.00
      209.92     1.000000      4544999   2796202.67
      209.92     1.000000      4544999   2995931.43
      209.92     1.000000      4544999   3226387.69
      209.92     1.000000      4544999   3495253.33
      209.92     1.000000      4544999   3813003.64
      209.92     1.000000      4544999   4194304.00
      209.92     1.000000      4544999   4415056.84
      211.97     1.000000      4545000   4660337.78
      211.97     1.000000      4545000          inf
#[Mean    =        2.954, StdDeviation   =        0.912]
#[Max     =      211.967, Total count    =      4545000]
#[Buckets =           10, SubBuckets     =          256]
