       Value   Percentile   TotalCount 1/(1-Percentile)

        0.07     0.000000            8         1.00
        2.62     0.050000        23305         1.05
        2.70     0.100000        57262         1.11
        2.72     0.150000        80021         1.18
        2.73     0.200000       109044         1.25
        2.75     0.250000       136308         1.33
        2.77     0.300000       160723         1.43
        2.77     0.350000       160723         1.54
        2.80     0.400000       199648         1.67
        2.81     0.450000       215008         1.82
        2.83     0.500000       228607         2.00
        2.85     0.525000       243440         2.11
        2.86     0.550000       260986         2.22
        2.88     0.575000       277836         2.35
        2.88     0.600000       277836         2.50
        2.90     0.625000       292399         2.67
        2.91     0.650000       305073         2.86
        2.93     0.675000       315919         3.08
        2.94     0.700000       323810         3.33
        2.98     0.725000       334768         3.64
        2.99     0.750000       341268         4.00
        3.01     0.762500       350643         4.21
        3.02     0.775000       357473         4.44
        3.04     0.787500       360730         4.71
        3.09     0.800000       364095         5.00
        3.18     0.812500       372419         5.33
        3.21     0.825000       376160         5.71
        3.26     0.837500       387012         6.15
        3.26     0.850000       387012         6.67
        3.28     0.862500       396616         7.27
        3.29     0.875000       403743         8.00
        3.29     0.881250       403743         8.42
        3.31     0.887500       408383         8.89
        3.31     0.893750       408383         9.41
        3.33     0.900000       412336        10.00
        3.34     0.906250       415261        10.67
        3.34     0.912500       415261        11.43
        3.38     0.918750       419297        12.31
        3.41     0.925000       422009        13.33
        3.46     0.931250       425777        14.55
        3.47     0.937500       430415        16.00
        3.47     0.940625       430415        16.84
        3.47     0.943750       430415        17.78
        3.49     0.946875       433604        18.82
        3.49     0.950000       433604        20.00
        3.50     0.953125       435524        21.33
        3.50     0.956250       435524        22.86
        3.52     0.959375       438201        24.62
        3.52     0.962500       438201        26.67
        3.54     0.965625       441092        29.09
        3.54     0.968750       441092        32.00
        3.55     0.970313       443720        33.68
        3.55     0.971875       443720        35.56
        3.55     0.973437       443720        37.65
        3.55     0.975000       443720        40.00
        3.57     0.976562       445816        42.67
        3.57     0.978125       445816        45.71
        3.57     0.979688       445816        49.23
        3.58     0.981250       447562        53.33
        3.58     0.982812       447562        58.18
        3.60     0.984375       448696        64.00
        3.60     0.985156       448696        67.37
        3.60     0.985938       448696        71.11
        3.62     0.986719       449147        75.29
        3.63     0.987500       449324        80.00
        3.71     0.988281       449703        85.33
        3.79     0.989062       450154        91.43
        3.84     0.989844       450424        98.46
        4.00     0.990625       450757       106.67
        4.35     0.991406       451128       116.36
        4.54     0.992188       451513       128.00
        4.61     0.992578       451642       134.74
        4.67     0.992969       451907       142.22
        4.70     0.993359       452100       150.59
        4.74     0.993750       452199       160.00
        5.09     0.994141       452353       170.67
        5.47     0.994531       452520       182.86
        6.11     0.994922       452691       196.92
        6.85     0.995313       452876       213.33
        7.42     0.995703       453046       232.73
        8.16     0.996094       453224       256.00
        8.38     0.996289       453333       269.47
        8.77     0.996484       453412       284.44
        9.34     0.996680       453490       301.18
        9.98     0.996875       453582       320.00
       10.62     0.997070       453671       341.33
       11.20     0.997266       453756       365.71
       11.58     0.997461       453868       393.85
       12.03     0.997656       453934       426.67
       12.73     0.997852       454024       465.45
       13.44     0.998047       454112       512.00
       13.76     0.998145       454156       538.95
       14.14     0.998242       454204       568.89
       14.40     0.998340       454250       602.35
       14.72     0.998437       454293       640.00
       15.04     0.998535       454338       682.67
       15.36     0.998633       454381       731.43
       15.68     0.998730       454436       787.69
       15.94     0.998828       454469       853.33
       16.25     0.998926       454518       930.91
       16.64     0.999023       454568      1024.00
       16.77     0.999072       454585      1077.89
       16.89     0.999121       454603      1137.78
       17.15     0.999170       454634      1204.71
       17.28     0.999219       454651      1280.00
       17.41     0.999268       454670      1365.33
       17.66     0.999316       454699      1462.86
       17.79     0.999365       454712      1575.38
       18.05     0.999414       454744      1706.67
       18.30     0.999463       454761      1861.82
       18.56     0.999512       454784      2048.00
       18.82     0.999536       454796      2155.79
       19.07     0.999561       454801      2275.56
       19.58     0.999585       454813      2409.41
       19.97     0.999609       454824      2560.00
       20.48     0.999634       454835      2730.67
       21.38     0.999658       454846      2925.71
       22.40     0.999683       454857      3150.77
       23.30     0.999707       454867      3413.33
       24.32     0.999731       454878      3723.64
       25.09     0.999756       454889      4096.00
       25.60     0.999768       454897      4311.58
       25.98     0.999780       454902      4551.11
       26.11     0.999792       454907      4818.82
       26.62     0.999805       454912      5120.00
       27.01     0.999817       454917      5461.33
       27.26     0.999829       454924      5851.43
       27.65     0.999841       454928      6301.54
       28.03     0.999854       454934      6826.67
       28.29     0.999866       454940      7447.27
       28.54     0.999878       454946      8192.00
       28.80     0.999884       454948      8623.16
       29.05     0.999890       454954      9102.22
       29.05     0.999896       454954      9637.65
       29.31     0.999902       454956     10240.00
       29.57     0.999908       454961     10922.67
       29.70     0.999915       454962     11702.86
       29.82     0.999921       454964     12603.08
       29.95     0.999927       454967     13653.33
       30.34     0.999933       454970     14894.55
       30.46     0.999939       454973     16384.00
       30.59     0.999942       454977     17246.32
       30.59     0.999945       454977     18204.44
       30.59     0.999948       454977     19275.29
       30.85     0.999951       454978     20480.00
       31.10     0.999954       454982     21845.33
       31.10     0.999957       454982     23405.71
       31.10     0.999960       454982     25206.15
       31.61     0.999963       454986     27306.67
       31.61     0.999966       454986     29789.09
       31.74     0.999969       454987     32768.00
       31.74     0.999971       454987     34492.63
       32.00     0.999973       454988     36408.89
       32.13     0.999974       454989     38550.59
       32.13     0.999976       454989     40960.00
       32.26     0.999977       454991     43690.67
       32.26     0.999979       454991     46811.43
       32.26     0.999980       454991     50412.31
       32.38     0.999982       454992     54613.33
       32.51     0.999983       454993     59578.18
       33.02     0.999985       454994     65536.00
       33.02     0.999986       454994     68985.26
       33.02     0.999986       454994     72817.78
       33.28     0.999987       454995     77101.18
       33.28     0.999988       454995     81920.00
       33.28     0.999989       454995     87381.33
       34.05     0.999989       454997     93622.86
       34.05     0.999990       454997    100824.62
       34.05     0.999991       454997    109226.67
       34.05     0.999992       454997    119156.36
       34.05     0.999992       454997    131072.00
       34.05     0.999993       454997    137970.53
       34.05     0.999993       454997    145635.56
       34.56     0.999994       454999    154202.35
       34.56     0.999994       454999    163840.00
       34.56     0.999994       454999    174762.67
       34.56     0.999995       454999    187245.71
       34.56     0.999995       454999    201649.23
       34.56     0.999995       454999    218453.33
       34.56     0.999996       454999    238312.73
       34.56     0.999996       454999    262144.00
       34.56     0.999996       454999    275941.05
       34.56     0.999997       454999    291271.11
       34.56     0.999997       454999    308404.71
       34.56     0.999997       454999    327680.00
       34.56     0.999997       454999    349525.33
       34.56     0.999997       454999    374491.43
       34.56     0.999998       454999    403298.46
       34.56     0.999998       454999    436906.67
       35.58     0.999998       455000    476625.45
       35.58     1.000000       455000          inf
#[Mean    =        2.951, StdDeviation   =        0.854]
#[Max     =       35.583, Total count    =       455000]
#[Buckets =           10, SubBuckets     =          256]
