       Value   Percentile   TotalCount 1/(1-Percentile)

        0.06     0.000000            7         1.00
        2.62     0.050000       257414         1.05
        2.70     0.100000       639272         1.11
        2.72     0.150000       898388         1.18
        2.73     0.200000      1210493         1.25
        2.75     0.250000      1512161         1.33
        2.75     0.300000      1512161         1.43
        2.77     0.350000      1780646         1.54
        2.78     0.400000      2014381         1.67
        2.81     0.450000      2374497         1.82
        2.83     0.500000      2520177         2.00
        2.85     0.525000      2681530         2.11
        2.86     0.550000      2871601         2.22
        2.88     0.575000      3057598         2.35
        2.88     0.600000      3057598         2.50
        2.90     0.625000      3215600         2.67
        2.91     0.650000      3354216         2.86
        2.93     0.675000      3471573         3.08
        2.94     0.700000      3557644         3.33
        2.98     0.725000      3677944         3.64
        3.01     0.750000      3848427         4.00
        3.01     0.762500      3848427         4.21
        3.02     0.775000      3923271         4.44
        3.04     0.787500      3960518         4.71
        3.10     0.800000      4007310         5.00
        3.18     0.812500      4089332         5.33
        3.21     0.825000      4131620         5.71
        3.26     0.837500      4250712         6.15
        3.26     0.850000      4250712         6.67
        3.28     0.862500      4357056         7.27
        3.29     0.875000      4433824         8.00
        3.29     0.881250      4433824         8.42
        3.31     0.887500      4485416         8.89
        3.31     0.893750      4485416         9.41
        3.33     0.900000      4528696        10.00
        3.34     0.906250      4563737        10.67
        3.34     0.912500      4563737        11.43
        3.38     0.918750      4608019        12.31
        3.41     0.925000      4635767        13.33
        3.46     0.931250      4678011        14.55
        3.47     0.937500      4728986        16.00
        3.47     0.940625      4728986        16.84
        3.47     0.943750      4728986        17.78
        3.49     0.946875      4764800        18.82
        3.49     0.950000      4764800        20.00
        3.50     0.953125      4785961        21.33
        3.50     0.956250      4785961        22.86
        3.52     0.959375      4815087        24.62
        3.52     0.962500      4815087        26.67
        3.54     0.965625      4847524        29.09
        3.54     0.968750      4847524        32.00
        3.55     0.970313      4875893        33.68
        3.55     0.971875      4875893        35.56
        3.55     0.973437      4875893        37.65
        3.55     0.975000      4875893        40.00
        3.57     0.976562      4899367        42.67
        3.57     0.978125      4899367        45.71
        3.57     0.979688      4899367        49.23
        3.58     0.981250      4919041        53.33
        3.58     0.982812      4919041        58.18
        3.60     0.984375      4931442        64.00
        3.60     0.985156      4931442        67.37
        3.60     0.985938      4931442        71.11
        3.62     0.986719      4936602        75.29
        3.63     0.987500      4938527        80.00
        3.69     0.988281      4941412        85.33
        3.81     0.989062      4946044        91.43
        3.90     0.989844      4949254        98.46
        4.22     0.990625      4953282       106.67
        4.38     0.991406      4957370       116.36
        4.54     0.992188      4961198       128.00
        4.64     0.992578      4964550       134.74
        4.67     0.992969      4966212       142.22
        4.70     0.993359      4968016       150.59
        4.74     0.993750      4968959       160.00
        5.15     0.994141      4970801       170.67
        5.76     0.994531      4972768       182.86
        6.46     0.994922      4974655       196.92
        7.20     0.995313      4976617       213.33
        8.06     0.995703      4978533       232.73
        8.83     0.996094      4980526       256.00
        9.34     0.996289      4981461       269.47
        9.86     0.996484      4982439       284.44
       10.37     0.996680      4983403       301.18
       10.94     0.996875      4984455       320.00
       11.33     0.997070      4985358       341.33
       11.71     0.997266      4986371       365.71
       12.16     0.997461      4987350       393.85
       12.61     0.997656      4988333       426.67
       13.18     0.997852      4989324       465.45
       13.76     0.998047      4990312       512.00
       14.02     0.998145      4990770       538.95
       14.27     0.998242      4991216       568.89
       14.59     0.998340      4991776       602.35
       14.85     0.998437      4992218       640.00
       15.17     0.998535      4992781       682.67
       15.42     0.998633      4993222       731.43
       15.68     0.998730      4993672       787.69
       16.00     0.998828      4994205       853.33
       16.25     0.998926      4994631       930.91
       16.64     0.999023      4995241      1024.00
       16.77     0.999072      4995447      1077.89
       16.89     0.999121      4995644      1137.78
       17.15     0.999170      4996025      1204.71
       17.28     0.999219      4996212      1280.00
       17.41     0.999268      4996396      1365.33
       17.66     0.999316      4996738      1462.86
       17.79     0.999365      4996908      1575.38
       18.05     0.999414      4997200      1706.67
       18.18     0.999463      4997331      1861.82
       18.56     0.999512      4997642      2048.00
       18.69     0.999536      4997710      2155.79
       18.94     0.999561      4997832      2275.56
       19.20     0.999585      4997927      2409.41
       19.71     0.999609      4998070      2560.00
       20.35     0.999634      4998179      2730.67
       21.12     0.999658      4998297      2925.71
       21.89     0.999683      4998416      3150.77
       22.78     0.999707      4998544      3413.33
       23.68     0.999731      4998660      3723.64
       24.57     0.999756      4998793      4096.00
       24.96     0.999768      4998843      4311.58
       25.47     0.999780      4998920      4551.11
       25.86     0.999792      4998974      4818.82
       26.24     0.999805      4999033      5120.00
       26.62     0.999817      4999091      5461.33
       27.14     0.999829      4999165      5851.43
       27.52     0.999841      4999225      6301.54
       27.90     0.999854      4999281      6826.67
       28.29     0.999866      4999338      7447.27
       28.67     0.999878      4999392      8192.00
       28.93     0.999884      4999427      8623.16
       29.18     0.999890      4999464      9102.22
       29.44     0.999896      4999502      9637.65
       29.57     0.999902      4999523     10240.00
       29.82     0.999908      4999552     10922.67
       29.95     0.999915      4999573     11702.86
       30.21     0.999921      4999608     12603.08
       30.46     0.999927      4999641     13653.33
       30.72     0.999933      4999673     14894.55
       30.98     0.999939      4999702     16384.00
       31.10     0.999942      4999722     17246.32
       31.23     0.999945      4999734     18204.44
       31.36     0.999948      4999750     19275.29
       31.49     0.999951      4999764     20480.00
       31.61     0.999954      4999779     21845.33
       31.74     0.999957      4999789     23405.71
       32.00     0.999960      4999816     25206.15
       32.13     0.999963      4999833     27306.67
       32.13     0.999966      4999833     29789.09
       32.38     0.999969      4999854     32768.00
       32.51     0.999971      4999866     34492.63
       32.51     0.999973      4999866     36408.89
       32.64     0.999974      4999879     38550.59
       32.64     0.999976      4999879     40960.00
       32.77     0.999977      4999888     43690.67
       33.02     0.999979      4999909     46811.43
       33.02     0.999980      4999909     50412.31
       33.02     0.999982      4999909     54613.33
       33.28     0.999983      4999925     59578.18
       33.28     0.999985      4999925     65536.00
       33.53     0.999986      4999936     68985.26
       33.53     0.999986      4999936     72817.78
       33.53     0.999987      4999936     77101.18
       33.79     0.999988      4999946     81920.00
       33.79     0.999989      4999946     87381.33
       34.05     0.999989      4999958     93622.86
       34.05     0.999990      4999958    100824.62
       34.05     0.999991      4999958    109226.67
       34.30     0.999992      4999963    119156.36
       34.30     0.999992      4999963    131072.00
       34.56     0.999993      4999970    137970.53
       34.56     0.999993      4999970    145635.56
       34.56     0.999994      4999970    154202.35
       34.56     0.999994      4999970    163840.00
       34.81     0.999994      4999975    174762.67
       34.81     0.999995      4999975    187245.71
       35.07     0.999995      4999982    201649.23
       35.07     0.999995      4999982    218453.33
       35.07     0.999996      4999982    238312.73
       35.07     0.999996      4999982    262144.00
       35.07     0.999996      4999982    275941.05
       35.33     0.999997      4999984    291271.11
       35.33     0.999997      4999984    308404.71
       35.58     0.999997      4999987    327680.00
       35.58     0.999997      4999987    349525.33
       35.58     0.999997      4999987    374491.43
       35.84     0.999998      4999989    403298.46
       35.84     0.999998      4999989    436906.67
       36.09     0.999998      4999991    476625.45
       36.09     0.999998      4999991    524288.00
       36.09     0.999998      4999991    551882.11
       36.61     0.999998      4999992    582542.22
       36.61     0.999998      4999992    616809.41
      207.87     0.999998      4999994    655360.00
      207.87     0.999999      4999994    699050.67
      207.87     0.999999      4999994    748982.86
      207.87     0.999999      4999994    806596.92
      208.90     0.999999      4999996    873813.33
      208.90     0.999999      4999996    953250.91
      208.90     0.999999      4999996   1048576.00
      208.90     0.999999      4999996   1103764.21
      208.90     0.999999      4999996   1165084.44
      208.90     0.999999      4999996   1233618.82
      209.92     0.999999      4999999   1310720.00
      209.92     0.999999      4999999   1398101.33
      209.92     0.999999      4999999   1497965.71
      209.92     0.999999      4999999   1613193.85
      209.92     0.999999      4999999   1747626.67
      209.92     0.999999      4999999   1906501.82
      209.92     1.000000      4999999   2097152.00
      209.92     1.000000      4999999   2207528.42
      209.92     1.000000      4999999   2330168.89
      209.92     1.000000      4999999   2467237.65
      209.92     1.000000      4999999   2621440.00
      209.92     1.000000      4999999   2796202.67
      209.92     1.000000      4999999   2995931.43
      209.92     1.000000      4999999   3226387.69
      209.92     1.000000      4999999   3495253.33
      209.92     1.000000      4999999   3813003.64
      209.92     1.000000      4999999   4194304.00
      209.92     1.000000      4999999   4415056.84
      209.92     1.000000      4999999   4660337.78
      209.92     1.000000      4999999   4934475.29
      211.97     1.000000      5000000   5242880.00
      211.97     1.000000      5000000          inf
#[Mean    =        2.954, StdDeviation   =        0.907]
#[Max     =      211.967, Total count    =      5000000]
#[Buckets =           10, SubBuckets     =          256]
