       Value   Percentile   TotalCount 1/(1-Percentile)

        0.06     0.000000            5         1.00
        2.69     0.050000        30245         1.05
        2.70     0.100000        52868         1.11
        2.72     0.150000        88225         1.18
        2.73     0.200000       126028         1.25
        2.73     0.250000       126028         1.33
        2.75     0.300000       155901         1.43
        2.77     0.350000       183782         1.54
        2.77     0.400000       183782         1.67
        2.78     0.450000       211224         1.82
        2.80     0.500000       231787         2.00
        2.81     0.525000       250019         2.11
        2.83     0.550000       263235         2.22
        2.83     0.575000       263235         2.35
        2.86     0.600000       279551         2.50
        2.90     0.625000       288043         2.67
        2.99     0.650000       296005         2.86
        3.23     0.675000       308456         3.08
        3.28     0.700000       321715         3.33
        3.33     0.725000       335346         3.64
        3.34     0.750000       347171         4.00
        3.34     0.762500       347171         4.21
        3.36     0.775000       364760         4.44
        3.36     0.787500       364760         4.71
        3.36     0.800000       364760         5.00
        3.38     0.812500       385654         5.33
        3.38     0.825000       385654         5.71
        3.38     0.837500       385654         6.15
        3.39     0.850000       406252         6.67
        3.39     0.862500       406252         7.27
        3.39     0.875000       406252         8.00
        3.39     0.881250       406252         8.42
        3.39     0.887500       406252         8.89
        3.41     0.893750       420160         9.41
        3.41     0.900000       420160        10.00
        3.41     0.906250       420160        10.67
        3.41     0.912500       420160        11.43
        3.41     0.918750       420160        12.31
        3.42     0.925000       428403        13.33
        3.42     0.931250       428403        14.55
        3.42     0.937500       428403        16.00
        3.42     0.940625       428403        16.84
        3.44     0.943750       434751        17.78
        3.44     0.946875       434751        18.82
        3.44     0.950000       434751        20.00
        3.44     0.953125       434751        21.33
        3.46     0.956250       438819        22.86
        3.46     0.959375       438819        24.62
        3.46     0.962500       438819        26.67
        3.47     0.965625       441274        29.09
        3.47     0.968750       441274        32.00
        3.49     0.970313       442579        33.68
        3.49     0.971875       442579        35.56
        3.50     0.973437       443754        37.65
        3.50     0.975000       443754        40.00
        3.52     0.976562       445183        42.67
        3.52     0.978125       445183        45.71
        3.54     0.979688       445975        49.23
        3.55     0.981250       446656        53.33
        3.58     0.982812       447381        58.18
        3.62     0.984375       447918        64.00
        3.65     0.985156       448279        67.37
        3.68     0.985938       448666        71.11
        3.73     0.986719       449023        75.29
        3.79     0.987500       449356        80.00
        3.89     0.988281       449687        85.33
        4.13     0.989062       450062        91.43
        4.48     0.989844       450575        98.46
        4.51     0.990625       450816       106.67
        4.58     0.991406       451169       116.36
        4.83     0.992188       451458       128.00
        4.96     0.992578       451637       134.74
        5.18     0.992969       451801       142.22
        5.54     0.993359       451981       150.59
        6.17     0.993750       452157       160.00
        6.91     0.994141       452338       170.67
        7.58     0.994531       452512       182.86
        8.38     0.994922       452701       196.92
        8.96     0.995313       452868       213.33
        9.54     0.995703       453045       232.73
       10.24     0.996094       453226       256.00
       10.75     0.996289       453313       269.47
       11.26     0.996484       453403       284.44
       11.78     0.996680       453493       301.18
       12.22     0.996875       453582       320.00
       12.67     0.997070       453677       341.33
       13.12     0.997266       453761       365.71
       13.57     0.997461       453858       393.85
       13.95     0.997656       453946       426.67
       14.27     0.997852       454023       465.45
       14.72     0.998047       454122       512.00
       14.91     0.998145       454162       538.95
       15.10     0.998242       454205       568.89
       15.29     0.998340       454253       602.35
       15.49     0.998437       454303       640.00
       15.68     0.998535       454342       682.67
       15.87     0.998633       454390       731.43
       16.06     0.998730       454432       787.69
       16.25     0.998828       454476       853.33
       16.51     0.998926       454521       930.91
       16.77     0.999023       454565      1024.00
       16.89     0.999072       454587      1077.89
       17.02     0.999121       454610      1137.78
       17.15     0.999170       454630      1204.71
       17.28     0.999219       454651      1280.00
       17.41     0.999268       454668      1365.33
       17.66     0.999316       454713      1462.86
       17.66     0.999365       454713      1575.38
       17.79     0.999414       454734      1706.67
       18.05     0.999463       454767      1861.82
       18.18     0.999512       454778      2048.00
       18.30     0.999536       454794      2155.79
       18.43     0.999561       454804      2275.56
       18.56     0.999585       454814      2409.41
       18.82     0.999609       454824      2560.00
       19.07     0.999634       454838      2730.67
       19.33     0.999658       454845      2925.71
       19.84     0.999683       454857      3150.77
       20.48     0.999707       454868      3413.33
       21.50     0.999731       454878      3723.64
       22.66     0.999756       454889      4096.00
       23.30     0.999768       454896      4311.58
       23.81     0.999780       454901      4551.11
       24.19     0.999792       454907      4818.82
       24.57     0.999805       454913      5120.00
       24.83     0.999817       454917      5461.33
       25.47     0.999829       454923      5851.43
       26.11     0.999841       454928      6301.54
       26.75     0.999854       454934      6826.67
       27.14     0.999866       454942      7447.27
       27.39     0.999878       454945      8192.00
       27.52     0.999884       454948      8623.16
       27.77     0.999890       454952      9102.22
       27.90     0.999896       454953      9637.65
       28.03     0.999902       454956     10240.00
       28.41     0.999908       454959     10922.67
       28.67     0.999915       454963     11702.86
       28.80     0.999921       454965     12603.08
       29.05     0.999927       454968     13653.33
       29.57     0.999933       454970     14894.55
       29.82     0.999939       454975     16384.00
       29.82     0.999942       454975     17246.32
       30.08     0.999945       454976     18204.44
       30.21     0.999948       454977     19275.29
       30.34     0.999951       454979     20480.00
       30.46     0.999954       454980     21845.33
       30.72     0.999957       454981     23405.71
       30.98     0.999960       454984     25206.15
       30.98     0.999963       454984     27306.67
       31.23     0.999966       454986     29789.09
       31.61     0.999969       454988     32768.00
       31.61     0.999971       454988     34492.63
       31.61     0.999973       454988     36408.89
       32.13     0.999974       454989     38550.59
       32.13     0.999976       454989     40960.00
       32.38     0.999977       454990     43690.67
       32.77     0.999979       454992     46811.43
       32.77     0.999980       454992     50412.31
       32.77     0.999982       454992     54613.33
       33.79     0.999983       454993     59578.18
       34.05     0.999985       454994     65536.00
       34.05     0.999986       454994     68985.26
       34.05     0.999986       454994     72817.78
       34.30     0.999987       454997     77101.18
       34.30     0.999988       454997     81920.00
       34.30     0.999989       454997     87381.33
       34.30     0.999989       454997     93622.86
       34.30     0.999990       454997    100824.62
       34.30     0.999991       454997    109226.67
       34.30     0.999992       454997    119156.36
       34.30     0.999992       454997    131072.00
       34.30     0.999993       454997    137970.53
       34.30     0.999993       454997    145635.56
       35.58     0.999994       454998    154202.35
       35.58     0.999994       454998    163840.00
       35.58     0.999994       454998    174762.67
       35.58     0.999995       454998    187245.71
       35.58     0.999995       454998    201649.23
       35.58     0.999995       454998    218453.33
       36.09     0.999996       454999    238312.73
       36.09     0.999996       454999    262144.00
       36.09     0.999996       454999    275941.05
       36.09     0.999997       454999    291271.11
       36.09     0.999997       454999    308404.71
       36.09     0.999997       454999    327680.00
       36.09     0.999997       454999    349525.33
       36.09     0.999997       454999    374491.43
       36.09     0.999998       454999    403298.46
       36.09     0.999998       454999    436906.67
       36.35     0.999998       455000    476625.45
       36.35     1.000000       455000          inf
#[Mean    =        3.022, StdDeviation   =        0.919]
#[Max     =       36.351, Total count    =       455000]
#[Buckets =           10, SubBuckets     =          256]
