       Value   Percentile   TotalCount 1/(1-Percentile)

        0.06     0.000000            3         1.00
        2.69     0.050000       301267         1.05
        2.70     0.100000       521068         1.11
        2.72     0.150000       881261         1.18
        2.73     0.200000      1267928         1.25
        2.73     0.250000      1267928         1.33
        2.75     0.300000      1560226         1.43
        2.77     0.350000      1840999         1.54
        2.77     0.400000      1840999         1.67
        2.78     0.450000      2119973         1.82
        2.80     0.500000      2326783         2.00
        2.81     0.525000      2507319         2.11
        2.81     0.550000      2507319         2.22
        2.83     0.575000      2637971         2.35
        2.85     0.600000      2733811         2.50
        2.88     0.625000      2852919         2.67
        2.96     0.650000      2956771         2.86
        3.21     0.675000      3072583         3.08
        3.28     0.700000      3225054         3.33
        3.31     0.725000      3300007         3.64
        3.34     0.750000      3480726         4.00
        3.34     0.762500      3480726         4.21
        3.36     0.775000      3656299         4.44
        3.36     0.787500      3656299         4.71
        3.36     0.800000      3656299         5.00
        3.38     0.812500      3862699         5.33
        3.38     0.825000      3862699         5.71
        3.38     0.837500      3862699         6.15
        3.39     0.850000      4070577         6.67
        3.39     0.862500      4070577         7.27
        3.39     0.875000      4070577         8.00
        3.39     0.881250      4070577         8.42
        3.39     0.887500      4070577         8.89
        3.39     0.893750      4070577         9.41
        3.41     0.900000      4209404        10.00
        3.41     0.906250      4209404        10.67
        3.41     0.912500      4209404        11.43
        3.41     0.918750      4209404        12.31
        3.41     0.925000      4209404        13.33
        3.42     0.931250      4292185        14.55
        3.42     0.937500      4292185        16.00
        3.42     0.940625      4292185        16.84
        3.42     0.943750      4292185        17.78
        3.44     0.946875      4354494        18.82
        3.44     0.950000      4354494        20.00
        3.44     0.953125      4354494        21.33
        3.44     0.956250      4354494        22.86
        3.46     0.959375      4395199        24.62
        3.46     0.962500      4395199        26.67
        3.46     0.965625      4395199        29.09
        3.47     0.968750      4419153        32.00
        3.47     0.970313      4419153        33.68
        3.47     0.971875      4419153        35.56
        3.49     0.973437      4431816        37.65
        3.49     0.975000      4431816        40.00
        3.50     0.976562      4443103        42.67
        3.52     0.978125      4456668        45.71
        3.52     0.979688      4456668        49.23
        3.54     0.981250      4465343        53.33
        3.55     0.982812      4471501        58.18
        3.57     0.984375      4475918        64.00
        3.58     0.985156      4479341        67.37
        3.60     0.985938      4481998        71.11
        3.62     0.986719      4484865        75.29
        3.66     0.987500      4489978        80.00
        3.69     0.988281      4492769        85.33
        3.79     0.989062      4495653        91.43
        3.97     0.989844      4498991        98.46
        4.16     0.990625      4502476       106.67
        4.45     0.991406      4506875       116.36
        4.51     0.992188      4512347       128.00
        4.51     0.992578      4512347       134.74
        4.54     0.992969      4514148       142.22
        4.58     0.993359      4515687       150.59
        4.64     0.993750      4517121       160.00
        4.86     0.994141      4518488       170.67
        5.34     0.994531      4520241       182.86
        6.01     0.994922      4521972       196.92
        6.97     0.995313      4523740       213.33
        7.93     0.995703      4525475       232.73
        8.96     0.996094      4527314       256.00
        9.47     0.996289      4528207       269.47
        9.98     0.996484      4529126       284.44
       10.43     0.996680      4529933       301.18
       10.94     0.996875      4530865       320.00
       11.46     0.997070      4531785       341.33
       11.90     0.997266      4532638       365.71
       12.22     0.997461      4533496       393.85
       12.73     0.997656      4534436       426.67
       13.25     0.997852      4535242       465.45
       13.82     0.998047      4536149       512.00
       14.14     0.998145      4536632       538.95
       14.40     0.998242      4537028       568.89
       14.72     0.998340      4537522       602.35
       14.97     0.998437      4537934       640.00
       15.23     0.998535      4538347       682.67
       15.55     0.998633      4538843       731.43
       15.81     0.998730      4539236       787.69
       16.13     0.998828      4539714       853.33
       16.51     0.998926      4540266       930.91
       16.77     0.999023      4540636      1024.00
       16.89     0.999072      4540807      1077.89
       17.15     0.999121      4541159      1137.78
       17.28     0.999170      4541335      1204.71
       17.41     0.999219      4541508      1280.00
       17.66     0.999268      4541821      1365.33
       17.79     0.999316      4541955      1462.86
       18.05     0.999365      4542210      1575.38
       18.30     0.999414      4542432      1706.67
       18.56     0.999463      4542610      1861.82
       19.07     0.999512      4542816      2048.00
       19.33     0.999536      4542898      2155.79
       19.84     0.999561      4543022      2275.56
       20.35     0.999585      4543126      2409.41
       20.99     0.999609      4543237      2560.00
       21.76     0.999634      4543350      2730.67
       22.53     0.999658      4543457      2925.71
       23.42     0.999683      4543573      3150.77
       24.19     0.999707      4543672      3413.33
       25.09     0.999731      4543794      3723.64
       25.86     0.999756      4543904      4096.00
       26.24     0.999768      4543961      4311.58
       26.62     0.999780      4544012      4551.11
       27.01     0.999792      4544068      4818.82
       27.39     0.999805      4544122      5120.00
       27.77     0.999817      4544171      5461.33
       28.16     0.999829      4544229      5851.43
       28.54     0.999841      4544285      6301.54
       28.93     0.999854      4544340      6826.67
       29.31     0.999866      4544398      7447.27
       29.70     0.999878      4544451      8192.00
       29.95     0.999884      4544489      8623.16
       30.08     0.999890      4544508      9102.22
       30.34     0.999896      4544540      9637.65
       30.59     0.999902      4544577     10240.00
       30.72     0.999908      4544597     10922.67
       30.85     0.999915      4544614     11702.86
       31.10     0.999921      4544644     12603.08
       31.36     0.999927      4544681     13653.33
       31.49     0.999933      4544699     14894.55
       31.87     0.999939      4544739     16384.00
       31.87     0.999942      4544739     17246.32
       32.00     0.999945      4544756     18204.44
       32.13     0.999948      4544770     19275.29
       32.26     0.999951      4544782     20480.00
       32.51     0.999954      4544806     21845.33
       32.51     0.999957      4544806     23405.71
       32.64     0.999960      4544823     25206.15
       33.02     0.999963      4544852     27306.67
       33.02     0.999966      4544852     29789.09
       33.28     0.999969      4544877     32768.00
       33.28     0.999971      4544877     34492.63
       33.28     0.999973      4544877     36408.89
       33.53     0.999974      4544896     38550.59
       33.53     0.999976      4544896     40960.00
       33.53     0.999977      4544896     43690.67
       33.79     0.999979      4544910     46811.43
       33.79     0.999980      4544910     50412.31
       34.05     0.999982      4544924     54613.33
       34.05     0.999983      4544924     59578.18
       34.30     0.999985      4544935     65536.00
       34.30     0.999986      4544935     68985.26
       34.56     0.999986      4544945     72817.78
       34.56     0.999987      4544945     77101.18
       34.56     0.999988      4544945     81920.00
       34.81     0.999989      4544958     87381.33
       34.81     0.999989      4544958     93622.86
       34.81     0.999990      4544958    100824.62
       35.07     0.999991      4544965    109226.67
       35.07     0.999992      4544965    119156.36
       35.33     0.999992      4544972    131072.00
       35.33     0.999993      4544972    137970.53
       35.33     0.999993      4544972    145635.56
       35.33     0.999994      4544972    154202.35
       35.58     0.999994      4544979    163840.00
       35.58     0.999994      4544979    174762.67
       35.58     0.999995      4544979    187245.71
       35.58     0.999995      4544979    201649.23
       35.84     0.999995      4544981    218453.33
       35.84     0.999996      4544981    238312.73
       36.09     0.999996      4544986    262144.00
       36.09     0.999996      4544986    275941.05
       36.09     0.999997      4544986    291271.11
       36.09     0.999997      4544986    308404.71
       36.61     0.999997      4544987    327680.00
       36.61     0.999997      4544987    349525.33
       36.86     0.999997      4544988    374491.43
       37.38     0.999998      4544989    403298.46
       37.63     0.999998      4544990    436906.67
      208.90     0.999998      4544992    476625.45
      208.90     0.999998      4544992    524288.00
      208.90     0.999998      4544992    551882.11
      209.92     0.999998      4544995    582542.22
      209.92     0.999998      4544995    616809.41
      209.92     0.999998      4544995    655360.00
      209.92     0.999999      4544995    699050.67
      209.92     0.999999      4544995    748982.86
      209.92     0.999999      4544995    806596.92
      209.92     0.999999      4544995    873813.33
      210.94     0.999999      4544996    953250.91
      210.94     0.999999      4544996   1048576.00
      210.94     0.999999      4544996   1103764.21
      211.97     0.999999      4544998   1165084.44
      211.97     0.999999      4544998   1233618.82
      211.97     0.999999      4544998   1310720.00
      211.97     0.999999      4544998   1398101.33
      211.97     0.999999      4544998   1497965.71
      211.97     0.999999      4544998   1613193.85
      211.97     0.999999      4544998   1747626.67
      211.97     0.999999      4544998   1906501.82
      211.97     1.000000      4544998   2097152.00
      211.97     1.000000      4544998   2207528.42
      212.99     1.000000      4545000   2330168.89
      212.99     1.000000      4545000          inf
#[Mean    =        3.012, StdDeviation   =        0.944]
#[Max     =      212.991, Total count    =      4545000]
#[Buckets =           10, SubBuckets     =          256]
