       Value   Percentile   TotalCount 1/(1-Percentile)

        0.06     0.000000            3         1.00
        2.69     0.050000       331512         1.05
        2.70     0.100000       573936         1.11
        2.72     0.150000       969486         1.18
        2.73     0.200000      1393956         1.25
        2.73     0.250000      1393956         1.33
        2.75     0.300000      1716127         1.43
        2.77     0.350000      2024781         1.54
        2.77     0.400000      2024781         1.67
        2.78     0.450000      2331197         1.82
        2.80     0.500000      2558570         2.00
        2.81     0.525000      2757338         2.11
        2.81     0.550000      2757338         2.22
        2.83     0.575000      2901206         2.35
        2.85     0.600000      3006464         2.50
        2.88     0.625000      3137198         2.67
        2.96     0.650000      3251362         2.86
        3.21     0.675000      3379069         3.08
        3.28     0.700000      3546769         3.33
        3.31     0.725000      3629279         3.64
        3.34     0.750000      3827897         4.00
        3.34     0.762500      3827897         4.21
        3.36     0.775000      4021059         4.44
        3.36     0.787500      4021059         4.71
        3.36     0.800000      4021059         5.00
        3.38     0.812500      4248353         5.33
        3.38     0.825000      4248353         5.71
        3.38     0.837500      4248353         6.15
        3.39     0.850000      4476829         6.67
        3.39     0.862500      4476829         7.27
        3.39     0.875000      4476829         8.00
        3.39     0.881250      4476829         8.42
        3.39     0.887500      4476829         8.89
        3.39     0.893750      4476829         9.41
        3.41     0.900000      4629564        10.00
        3.41     0.906250      4629564        10.67
        3.41     0.912500      4629564        11.43
        3.41     0.918750      4629564        12.31
        3.41     0.925000      4629564        13.33
        3.42     0.931250      4720588        14.55
        3.42     0.937500      4720588        16.00
        3.42     0.940625      4720588        16.84
        3.42     0.943750      4720588        17.78
        3.44     0.946875      4789245        18.82
        3.44     0.950000      4789245        20.00
        3.44     0.953125      4789245        21.33
        3.44     0.956250      4789245        22.86
        3.46     0.959375      4834018        24.62
        3.46     0.962500      4834018        26.67
        3.46     0.965625      4834018        29.09
        3.47     0.968750      4860427        32.00
        3.47     0.970313      4860427        33.68
        3.47     0.971875      4860427        35.56
        3.49     0.973437      4874395        37.65
        3.50     0.975000      4886857        40.00
        3.50     0.976562      4886857        42.67
        3.52     0.978125      4901851        45.71
        3.52     0.979688      4901851        49.23
        3.54     0.981250      4911318        53.33
        3.55     0.982812      4918157        58.18
        3.57     0.984375      4922975        64.00
        3.58     0.985156      4926722        67.37
        3.62     0.985938      4932783        71.11
        3.63     0.986719      4934920        75.29
        3.66     0.987500      4938423        80.00
        3.69     0.988281      4941592        85.33
        3.81     0.989062      4945469        91.43
        4.00     0.989844      4949395        98.46
        4.22     0.990625      4953195       106.67
        4.45     0.991406      4957222       116.36
        4.51     0.992188      4963163       128.00
        4.51     0.992578      4963163       134.74
        4.54     0.992969      4965146       142.22
        4.58     0.993359      4966856       150.59
        4.67     0.993750      4968772       160.00
        4.99     0.994141      4970866       170.67
        5.50     0.994531      4972844       182.86
        6.27     0.994922      4974652       196.92
        7.23     0.995313      4976594       213.33
        8.16     0.995703      4978524       232.73
        9.15     0.996094      4980586       256.00
        9.60     0.996289      4981529       269.47
       10.05     0.996484      4982456       284.44
       10.56     0.996680      4983464       301.18
       11.07     0.996875      4984473       320.00
       11.52     0.997070      4985352       341.33
       12.03     0.997266      4986413       365.71
       12.35     0.997461      4987419       393.85
       12.86     0.997656      4988343       426.67
       13.38     0.997852      4989263       465.45
       13.95     0.998047      4990285       512.00
       14.21     0.998145      4990745       538.95
       14.53     0.998242      4991316       568.89
       14.78     0.998340      4991761       602.35
       15.04     0.998437      4992216       640.00
       15.29     0.998535      4992706       682.67
       15.62     0.998633      4993289       731.43
       15.87     0.998730      4993731       787.69
       16.13     0.998828      4994156       853.33
       16.51     0.998926      4994787       930.91
       16.77     0.999023      4995201      1024.00
       16.89     0.999072      4995394      1077.89
       17.15     0.999121      4995789      1137.78
       17.28     0.999170      4995986      1204.71
       17.41     0.999219      4996176      1280.00
       17.54     0.999268      4996343      1365.33
       17.79     0.999316      4996689      1462.86
       17.92     0.999365      4996831      1575.38
       18.18     0.999414      4997110      1706.67
       18.43     0.999463      4997328      1861.82
       18.94     0.999512      4997608      2048.00
       19.20     0.999536      4997693      2155.79
       19.58     0.999561      4997818      2275.56
       20.09     0.999585      4997945      2409.41
       20.61     0.999609      4998047      2560.00
       21.38     0.999634      4998172      2730.67
       22.27     0.999658      4998307      2925.71
       23.04     0.999683      4998415      3150.77
       23.93     0.999707      4998544      3413.33
       24.83     0.999731      4998676      3723.64
       25.60     0.999756      4998788      4096.00
       25.98     0.999768      4998851      4311.58
       26.37     0.999780      4998909      4551.11
       26.75     0.999792      4998963      4818.82
       27.14     0.999805      4999024      5120.00
       27.52     0.999817      4999085      5461.33
       28.03     0.999829      4999165      5851.43
       28.41     0.999841      4999227      6301.54
       28.67     0.999854      4999268      6826.67
       29.18     0.999866      4999346      7447.27
       29.44     0.999878      4999392      8192.00
       29.70     0.999884      4999422      8623.16
       29.95     0.999890      4999464      9102.22
       30.08     0.999896      4999484      9637.65
       30.34     0.999902      4999519     10240.00
       30.59     0.999908      4999557     10922.67
       30.72     0.999915      4999578     11702.86
       30.98     0.999921      4999612     12603.08
       31.23     0.999927      4999648     13653.33
       31.36     0.999933      4999667     14894.55
       31.61     0.999939      4999696     16384.00
       31.87     0.999942      4999727     17246.32
       31.87     0.999945      4999727     18204.44
       32.00     0.999948      4999744     19275.29
       32.13     0.999951      4999759     20480.00
       32.38     0.999954      4999780     21845.33
       32.51     0.999957      4999796     23405.71
       32.64     0.999960      4999813     25206.15
       32.77     0.999963      4999823     27306.67
       33.02     0.999966      4999844     29789.09
       33.28     0.999969      4999869     32768.00
       33.28     0.999971      4999869     34492.63
       33.28     0.999973      4999869     36408.89
       33.53     0.999974      4999888     38550.59
       33.53     0.999976      4999888     40960.00
       33.53     0.999977      4999888     43690.67
       33.79     0.999979      4999903     46811.43
       33.79     0.999980      4999903     50412.31
       34.05     0.999982      4999918     54613.33
       34.05     0.999983      4999918     59578.18
       34.30     0.999985      4999932     65536.00
       34.30     0.999986      4999932     68985.26
       34.30     0.999986      4999932     72817.78
       34.56     0.999987      4999942     77101.18
       34.56     0.999988      4999942     81920.00
       34.81     0.999989      4999955     87381.33
       34.81     0.999989      4999955     93622.86
       34.81     0.999990      4999955    100824.62
       34.81     0.999991      4999955    109226.67
       35.07     0.999992      4999962    119156.36
       35.07     0.999992      4999962    131072.00
       35.33     0.999993      4999969    137970.53
       35.33     0.999993      4999969    145635.56
       35.33     0.999994      4999969    154202.35
       35.58     0.999994      4999977    163840.00
       35.58     0.999994      4999977    174762.67
       35.58     0.999995      4999977    187245.71
       35.58     0.999995      4999977    201649.23
       35.84     0.999995      4999979    218453.33
       36.09     0.999996      4999985    238312.73
       36.09     0.999996      4999985    262144.00
       36.09     0.999996      4999985    275941.05
       36.09     0.999997      4999985    291271.11
       36.09     0.999997      4999985    308404.71
       36.09     0.999997      4999985    327680.00
       36.35     0.999997      4999986    349525.33
       36.61     0.999997      4999987    374491.43
       36.86     0.999998      4999988    403298.46
       37.38     0.999998      4999989    436906.67
       37.63     0.999998      4999990    476625.45
      208.90     0.999998      4999992    524288.00
      208.90     0.999998      4999992    551882.11
      208.90     0.999998      4999992    582542.22
      208.90     0.999998      4999992    616809.41
      209.92     0.999998      4999995    655360.00
      209.92     0.999999      4999995    699050.67
      209.92     0.999999      4999995    748982.86
      209.92     0.999999      4999995    806596.92
      209.92     0.999999      4999995    873813.33
      209.92     0.999999      4999995    953250.91
      210.94     0.999999      4999996   1048576.00
      210.94     0.999999      4999996   1103764.21
      210.94     0.999999      4999996   1165084.44
      210.94     0.999999      4999996   1233618.82
      211.97     0.999999      4999998   1310720.00
      211.97     0.999999      4999998   1398101.33
      211.97     0.999999      4999998   1497965.71
      211.97     0.999999      4999998   1613193.85
      211.97     0.999999      4999998   1747626.67
      211.97     0.999999      4999998   1906501.82
      211.97     1.000000      4999998   2097152.00
      211.97     1.000000      4999998   2207528.42
      211.97     1.000000      4999998   2330168.89
      211.97     1.000000      4999998   2467237.65
      212.99     1.000000      5000000   2621440.00
      212.99     1.000000      5000000          inf
#[Mean    =        3.013, StdDeviation   =        0.941]
#[Max     =      212.991, Total count    =      5000000]
#[Buckets =           10, SubBuckets     =          256]
