       Value   Percentile   TotalCount 1/(1-Percentile)

        0.25     0.000000            1         1.00
        0.61     0.050000         9985         1.05
        0.65     0.100000        19507         1.11
        0.67     0.150000        27614         1.18
        0.69     0.200000        36658         1.25
        0.72     0.250000        45644         1.33
        0.75     0.300000        56987         1.43
        0.78     0.350000        64473         1.54
        0.81     0.400000        72979         1.67
        0.85     0.450000        82039         1.82
        0.89     0.500000        91628         2.00
        0.90     0.525000        95633         2.11
        0.93     0.550000       101041         2.22
        0.95     0.575000       105344         2.35
        0.98     0.600000       110483         2.50
        1.01     0.625000       115145         2.67
        1.02     0.650000       119095         2.86
        1.04     0.675000       123856         3.08
        1.05     0.700000       128949         3.33
        1.07     0.725000       134562         3.64
        1.08     0.750000       137426         4.00
        1.09     0.762500       140459         4.21
        1.09     0.775000       143471         4.44
        1.09     0.787500       143471         4.71
        1.10     0.800000       146387         5.00
        1.11     0.812500       149303         5.33
        1.12     0.825000       151996         5.71
        1.13     0.837500       154652         6.15
        1.14     0.850000       157220         6.67
        1.14     0.862500       157220         7.27
        1.14     0.875000       159571         8.00
        1.15     0.881250       161663         8.42
        1.15     0.887500       161663         8.89
        1.16     0.893750       163625         9.41
        1.17     0.900000       165454        10.00
        1.17     0.906250       165454        10.67
        1.18     0.912500       167186        11.43
        1.18     0.918750       168724        12.31
        1.18     0.925000       168724        13.33
        1.19     0.931250       170172        14.55
        1.20     0.937500       171436        16.00
        1.20     0.940625       171436        16.84
        1.21     0.943750       172577        17.78
        1.21     0.946875       172577        18.82
        1.22     0.950000       173593        20.00
        1.22     0.953125       173593        21.33
        1.22     0.956250       174526        22.86
        1.23     0.959375       175315        24.62
        1.23     0.962500       175315        26.67
        1.24     0.965625       176065        29.09
        1.25     0.968750       176691        32.00
        1.25     0.970313       176691        33.68
        1.25     0.971875       177267        35.56
        1.25     0.973437       177267        37.65
        1.26     0.975000       177805        40.00
        1.26     0.976562       177805        42.67
        1.27     0.978125       178234        45.71
        1.28     0.979688       178599        49.23
        1.28     0.981250       178599        53.33
        1.29     0.982812       178944        58.18
        1.29     0.984375       179242        64.00
        1.30     0.985156       179524        67.37
        1.30     0.985938       179524        71.11
        1.31     0.986719       179753        75.29
        1.31     0.987500       179753        80.00
        1.32     0.988281       179952        85.33
        1.33     0.989062       180134        91.43
        1.33     0.989844       180301        98.46
        1.33     0.990625       180301       106.67
        1.35     0.991406       180552       116.36
        1.36     0.992188       180659       128.00
        1.36     0.992578       180659       134.74
        1.37     0.992969       180729       142.22
        1.38     0.993359       180798       150.59
        1.39     0.993750       180899       160.00
        1.40     0.994141       180936       170.67
        1.42     0.994531       181040       182.86
        1.44     0.994922       181088       196.92
        1.46     0.995313       181149       213.33
        1.50     0.995703       181223       232.73
        1.56     0.996094       181297       256.00
        1.61     0.996289       181325       269.47
        1.67     0.996484       181363       284.44
        1.75     0.996680       181401       301.18
        1.85     0.996875       181434       320.00
        1.98     0.997070       181468       341.33
        2.35     0.997266       181504       365.71
        2.75     0.997461       181538       393.85
        3.23     0.997656       181575       426.67
        3.81     0.997852       181609       465.45
        4.35     0.998047       181646       512.00
        4.67     0.998145       181664       538.95
        4.93     0.998242       181681       568.89
        5.25     0.998340       181698       602.35
        5.60     0.998437       181718       640.00
        6.01     0.998535       181735       682.67
        6.69     0.998633       181752       731.43
        7.71     0.998730       181770       787.69
        9.34     0.998828       181788       853.33
       10.05     0.998926       181805       930.91
       10.30     0.999023       181827      1024.00
       10.37     0.999072       181838      1077.89
       10.43     0.999121       181847      1137.78
       10.49     0.999170       181855      1204.71
       10.56     0.999219       181864      1280.00
       10.62     0.999268       181874      1365.33
       10.69     0.999316       181884      1462.86
       10.75     0.999365       181897      1575.38
       10.75     0.999414       181897      1706.67
       10.88     0.999463       181903      1861.82
       10.94     0.999512       181913      2048.00
       11.01     0.999536       181920      2155.79
       11.07     0.999561       181927      2275.56
       11.07     0.999585       181927      2409.41
       11.13     0.999609       181936      2560.00
       11.13     0.999634       181936      2730.67
       11.20     0.999658       181947      2925.71
       11.20     0.999683       181947      3150.77
       11.20     0.999707       181947      3413.33
       11.26     0.999731       181958      3723.64
       11.26     0.999756       181958      4096.00
       11.26     0.999768       181958      4311.58
       11.39     0.999780       181964      4551.11
       11.39     0.999792       181964      4818.82
       11.46     0.999805       181974      5120.00
       11.46     0.999817       181974      5461.33
       11.46     0.999829       181974      5851.43
       11.46     0.999841       181974      6301.54
       11.46     0.999854       181974      6826.67
       11.52     0.999866       181982      7447.27
       11.52     0.999878       181982      8192.00
       11.52     0.999884       181982      8623.16
       11.52     0.999890       181982      9102.22
       11.52     0.999896       181982      9637.65
       11.58     0.999902       181991     10240.00
       11.58     0.999908       181991     10922.67
       11.58     0.999915       181991     11702.86
       11.58     0.999921       181991     12603.08
       11.58     0.999927       181991     13653.33
       11.58     0.999933       181991     14894.55
       11.58     0.999939       181991     16384.00
       11.58     0.999942       181991     17246.32
       11.58     0.999945       181991     18204.44
       11.58     0.999948       181991     19275.29
       11.65     0.999951       181996     20480.00
       11.65     0.999954       181996     21845.33
       11.65     0.999957       181996     23405.71
       11.65     0.999960       181996     25206.15
       11.65     0.999963       181996     27306.67
       11.65     0.999966       181996     29789.09
       11.65     0.999969       181996     32768.00
       11.65     0.999971       181996     34492.63
       11.65     0.999973       181996     36408.89
       11.65     0.999974       181996     38550.59
       11.65     0.999976       181996     40960.00
       11.65     0.999977       181996     43690.67
       11.71     0.999979       181999     46811.43
       11.71     0.999980       181999     50412.31
       11.71     0.999982       181999     54613.33
       11.71     0.999983       181999     59578.18
       11.71     0.999985       181999     65536.00
       11.71     0.999986       181999     68985.26
       11.71     0.999986       181999     72817.78
       11.71     0.999987       181999     77101.18
       11.71     0.999988       181999     81920.00
       11.71     0.999989       181999     87381.33
       11.71     0.999989       181999     93622.86
       11.71     0.999990       181999    100824.62
       11.71     0.999991       181999    109226.67
       11.71     0.999992       181999    119156.36
       11.71     0.999992       181999    131072.00
       11.71     0.999993       181999    137970.53
       11.71     0.999993       181999    145635.56
       11.71     0.999994       181999    154202.35
       11.71     0.999994       181999    163840.00
       11.71     0.999994       181999    174762.67
       11.78     0.999995       182000    187245.71
       11.78     1.000000       182000          inf
#[Mean    =        0.915, StdDeviation   =        0.427]
#[Max     =       11.775, Total count    =       182000]
#[Buckets =           10, SubBuckets     =          256]
