       Value   Percentile   TotalCount 1/(1-Percentile)

        0.18     0.000000            1         1.00
        0.61     0.050000       110672         1.05
        0.65     0.100000       215200         1.11
        0.67     0.150000       301192         1.18
        0.69     0.200000       400200         1.25
        0.72     0.250000       501476         1.33
        0.75     0.300000       626069         1.43
        0.78     0.350000       708178         1.54
        0.81     0.400000       800758         1.67
        0.85     0.450000       900894         1.82
        0.89     0.500000      1006955         2.00
        0.90     0.525000      1050367         2.11
        0.93     0.550000      1109086         2.22
        0.95     0.575000      1156424         2.35
        0.98     0.600000      1213343         2.50
        1.01     0.625000      1265853         2.67
        1.02     0.650000      1309725         2.86
        1.04     0.675000      1361092         3.08
        1.05     0.700000      1418069         3.33
        1.07     0.725000      1480002         3.64
        1.08     0.750000      1511940         4.00
        1.09     0.762500      1544337         4.21
        1.09     0.775000      1577011         4.44
        1.09     0.787500      1577011         4.71
        1.10     0.800000      1609329         5.00
        1.11     0.812500      1640901         5.33
        1.12     0.825000      1671284         5.71
        1.13     0.837500      1700198         6.15
        1.13     0.850000      1700198         6.67
        1.14     0.862500      1727892         7.27
        1.14     0.875000      1753526         8.00
        1.15     0.881250      1777241         8.42
        1.15     0.887500      1777241         8.89
        1.16     0.893750      1799171         9.41
        1.17     0.900000      1819233        10.00
        1.17     0.906250      1819233        10.67
        1.18     0.912500      1838083        11.43
        1.18     0.918750      1838083        12.31
        1.18     0.925000      1855306        13.33
        1.19     0.931250      1871050        14.55
        1.20     0.937500      1885100        16.00
        1.20     0.940625      1885100        16.84
        1.21     0.943750      1897769        17.78
        1.21     0.946875      1897769        18.82
        1.22     0.950000      1909221        20.00
        1.22     0.953125      1909221        21.33
        1.22     0.956250      1919478        22.86
        1.22     0.959375      1919478        24.62
        1.23     0.962500      1928604        26.67
        1.24     0.965625      1936549        29.09
        1.25     0.968750      1943570        32.00
        1.25     0.970313      1943570        33.68
        1.25     0.971875      1949786        35.56
        1.25     0.973437      1949786        37.65
        1.26     0.975000      1955397        40.00
        1.26     0.976562      1955397        42.67
        1.27     0.978125      1960165        45.71
        1.27     0.979688      1960165        49.23
        1.28     0.981250      1964495        53.33
        1.29     0.982812      1968287        58.18
        1.29     0.984375      1971730        64.00
        1.29     0.985156      1971730        67.37
        1.30     0.985938      1974630        71.11
        1.30     0.986719      1974630        75.29
        1.31     0.987500      1977072        80.00
        1.31     0.988281      1977072        85.33
        1.32     0.989062      1979256        91.43
        1.33     0.989844      1981224        98.46
        1.33     0.990625      1982882       106.67
        1.33     0.991406      1982882       116.36
        1.35     0.992188      1985521       128.00
        1.35     0.992578      1985521       134.74
        1.36     0.992969      1986552       142.22
        1.37     0.993359      1987441       150.59
        1.38     0.993750      1988208       160.00
        1.38     0.994141      1988857       170.67
        1.39     0.994531      1989378       182.86
        1.41     0.994922      1990199       196.92
        1.42     0.995313      1990894       213.33
        1.44     0.995703      1991464       232.73
        1.47     0.996094      1992391       256.00
        1.49     0.996289      1992733       269.47
        1.50     0.996484      1993030       284.44
        1.53     0.996680      1993433       301.18
        1.56     0.996875      1993794       320.00
        1.61     0.997070      1994171       341.33
        1.66     0.997266      1994586       365.71
        1.72     0.997461      1994926       393.85
        1.81     0.997656      1995316       426.67
        1.95     0.997852      1995706       465.45
        2.17     0.998047      1996097       512.00
        2.33     0.998145      1996299       538.95
        2.48     0.998242      1996486       568.89
        2.65     0.998340      1996691       602.35
        2.86     0.998437      1996877       640.00
        3.06     0.998535      1997075       682.67
        3.29     0.998633      1997269       731.43
        3.58     0.998730      1997461       787.69
        3.84     0.998828      1997661       853.33
        4.13     0.998926      1997864       930.91
        4.42     0.999023      1998054      1024.00
        4.58     0.999072      1998157      1077.89
        4.74     0.999121      1998249      1137.78
        4.89     0.999170      1998352      1204.71
        5.05     0.999219      1998458      1280.00
        5.18     0.999268      1998536      1365.33
        5.34     0.999316      1998642      1462.86
        5.50     0.999365      1998739      1575.38
        5.70     0.999414      1998844      1706.67
        5.86     0.999463      1998929      1861.82
        6.11     0.999512      1999028      2048.00
        6.24     0.999536      1999076      2155.79
        6.37     0.999561      1999123      2275.56
        6.56     0.999585      1999173      2409.41
        6.78     0.999609      1999224      2560.00
        7.04     0.999634      1999271      2730.67
        7.33     0.999658      1999319      2925.71
        7.62     0.999683      1999369      3150.77
        7.90     0.999707      1999418      3413.33
        8.26     0.999731      1999466      3723.64
        8.64     0.999756      1999515      4096.00
        8.89     0.999768      1999545      4311.58
        9.09     0.999780      1999566      4551.11
        9.28     0.999792      1999585      4818.82
        9.54     0.999805      1999614      5120.00
        9.79     0.999817      1999641      5461.33
        9.98     0.999829      1999663      5851.43
       10.18     0.999841      1999694      6301.54
       10.30     0.999854      1999718      6826.67
       10.37     0.999866      1999734      7447.27
       10.49     0.999878      1999760      8192.00
       10.56     0.999884      1999773      8623.16
       10.62     0.999890      1999790      9102.22
       10.69     0.999896      1999805      9637.65
       10.69     0.999902      1999805     10240.00
       10.75     0.999908      1999819     10922.67
       10.88     0.999915      1999834     11702.86
       10.94     0.999921      1999848     12603.08
       11.01     0.999927      1999860     13653.33
       11.07     0.999933      1999870     14894.55
       11.13     0.999939      1999884     16384.00
       11.20     0.999942      1999900     17246.32
       11.20     0.999945      1999900     18204.44
       11.20     0.999948      1999900     19275.29
       11.26     0.999951      1999914     20480.00
       11.26     0.999954      1999914     21845.33
       11.33     0.999957      1999919     23405.71
       11.39     0.999960      1999930     25206.15
       11.39     0.999963      1999930     27306.67
       11.46     0.999966      1999944     29789.09
       11.46     0.999969      1999944     32768.00
       11.46     0.999971      1999944     34492.63
       11.52     0.999973      1999953     36408.89
       11.52     0.999974      1999953     38550.59
       11.52     0.999976      1999953     40960.00
       11.58     0.999977      1999962     43690.67
       11.58     0.999979      1999962     46811.43
       11.58     0.999980      1999962     50412.31
       11.65     0.999982      1999974     54613.33
       11.65     0.999983      1999974     59578.18
       11.65     0.999985      1999974     65536.00
       11.65     0.999986      1999974     68985.26
       11.65     0.999986      1999974     72817.78
       11.71     0.999987      1999979     77101.18
       11.71     0.999988      1999979     81920.00
       11.71     0.999989      1999979     87381.33
       11.71     0.999989      1999979     93622.86
       11.78     0.999990      1999981    100824.62
       11.84     0.999991      1999985    109226.67
       11.84     0.999992      1999985    119156.36
       11.84     0.999992      1999985    131072.00
       11.90     0.999993      1999988    137970.53
       11.90     0.999993      1999988    145635.56
       11.90     0.999994      1999988    154202.35
       11.90     0.999994      1999988    163840.00
       11.97     0.999994      1999989    174762.67
       12.03     0.999995      1999991    187245.71
       12.03     0.999995      1999991    201649.23
       12.03     0.999995      1999991    218453.33
       12.10     0.999996      1999993    238312.73
       12.10     0.999996      1999993    262144.00
       12.10     0.999996      1999993    275941.05
       12.16     0.999997      1999995    291271.11
       12.16     0.999997      1999995    308404.71
       12.16     0.999997      1999995    327680.00
       12.16     0.999997      1999995    349525.33
       12.16     0.999997      1999995    374491.43
       12.22     0.999998      1999997    403298.46
       12.22     0.999998      1999997    436906.67
       12.22     0.999998      1999997    476625.45
       12.22     0.999998      1999997    524288.00
       12.22     0.999998      1999997    551882.11
       12.22     0.999998      1999997    582542.22
       12.22     0.999998      1999997    616809.41
       12.22     0.999998      1999997    655360.00
       12.29     0.999999      1999998    699050.67
       12.29     0.999999      1999998    748982.86
       12.29     0.999999      1999998    806596.92
       12.29     0.999999      1999998    873813.33
       12.29     0.999999      1999998    953250.91
       12.35     0.999999      1999999   1048576.00
       12.35     0.999999      1999999   1103764.21
       12.35     0.999999      1999999   1165084.44
       12.35     0.999999      1999999   1233618.82
       12.35     0.999999      1999999   1310720.00
       12.35     0.999999      1999999   1398101.33
       12.35     0.999999      1999999   1497965.71
       12.35     0.999999      1999999   1613193.85
       12.35     0.999999      1999999   1747626.67
       12.35     0.999999      1999999   1906501.82
       12.41     1.000000      2000000   2097152.00
       12.41     1.000000      2000000          inf
#[Mean    =        0.906, StdDeviation   =        0.297]
#[Max     =       12.415, Total count    =      2000000]
#[Buckets =           10, SubBuckets     =          256]
