       Value   Percentile   TotalCount 1/(1-Percentile)

        0.18     0.000000            1         1.00
        0.61     0.050000       100687         1.05
        0.65     0.100000       195693         1.11
        0.67     0.150000       273578         1.18
        0.70     0.200000       394444         1.25
        0.72     0.250000       455832         1.33
        0.75     0.300000       569082         1.43
        0.78     0.350000       643705         1.54
        0.81     0.400000       727779         1.67
        0.85     0.450000       818855         1.82
        0.89     0.500000       915327         2.00
        0.90     0.525000       954734         2.11
        0.93     0.550000      1008045         2.22
        0.95     0.575000      1051080         2.35
        0.98     0.600000      1102860         2.50
        1.01     0.625000      1150708         2.67
        1.02     0.650000      1190630         2.86
        1.04     0.675000      1237236         3.08
        1.05     0.700000      1289120         3.33
        1.07     0.725000      1345440         3.64
        1.08     0.750000      1374514         4.00
        1.09     0.762500      1403878         4.21
        1.09     0.775000      1433540         4.44
        1.09     0.787500      1433540         4.71
        1.10     0.800000      1462942         5.00
        1.11     0.812500      1491598         5.33
        1.12     0.825000      1519288         5.71
        1.13     0.837500      1545546         6.15
        1.13     0.850000      1545546         6.67
        1.14     0.862500      1570672         7.27
        1.14     0.875000      1593955         8.00
        1.15     0.881250      1615578         8.42
        1.15     0.887500      1615578         8.89
        1.16     0.893750      1635546         9.41
        1.17     0.900000      1653779        10.00
        1.17     0.906250      1653779        10.67
        1.18     0.912500      1670897        11.43
        1.18     0.918750      1670897        12.31
        1.18     0.925000      1686582        13.33
        1.19     0.931250      1700878        14.55
        1.20     0.937500      1713664        16.00
        1.20     0.940625      1713664        16.84
        1.21     0.943750      1725192        17.78
        1.21     0.946875      1725192        18.82
        1.22     0.950000      1735628        20.00
        1.22     0.953125      1735628        21.33
        1.22     0.956250      1744952        22.86
        1.22     0.959375      1744952        24.62
        1.23     0.962500      1753289        26.67
        1.24     0.965625      1760484        29.09
        1.25     0.968750      1766879        32.00
        1.25     0.970313      1766879        33.68
        1.25     0.971875      1766879        35.56
        1.25     0.973437      1772519        37.65
        1.26     0.975000      1777592        40.00
        1.26     0.976562      1777592        42.67
        1.27     0.978125      1781931        45.71
        1.27     0.979688      1781931        49.23
        1.28     0.981250      1785896        53.33
        1.29     0.982812      1789343        58.18
        1.29     0.984375      1792488        64.00
        1.29     0.985156      1792488        67.37
        1.29     0.985938      1792488        71.11
        1.30     0.986719      1795106        75.29
        1.31     0.987500      1797319        80.00
        1.31     0.988281      1797319        85.33
        1.32     0.989062      1799304        91.43
        1.33     0.989844      1801090        98.46
        1.33     0.990625      1801090       106.67
        1.33     0.991406      1802581       116.36
        1.34     0.992188      1803840       128.00
        1.35     0.992578      1804969       134.74
        1.36     0.992969      1805893       142.22
        1.37     0.993359      1806712       150.59
        1.37     0.993750      1806712       160.00
        1.38     0.994141      1807410       170.67
        1.39     0.994531      1808479       182.86
        1.40     0.994922      1808903       196.92
        1.42     0.995313      1809568       213.33
        1.44     0.995703      1810376       232.73
        1.46     0.996094      1811033       256.00
        1.48     0.996289      1811392       269.47
        1.50     0.996484      1811673       284.44
        1.52     0.996680      1812033       301.18
        1.54     0.996875      1812376       320.00
        1.58     0.997070      1812688       341.33
        1.64     0.997266      1813054       365.71
        1.70     0.997461      1813411       393.85
        1.76     0.997656      1813757       426.67
        1.88     0.997852      1814098       465.45
        2.10     0.998047      1814476       512.00
        2.19     0.998145      1814629       538.95
        2.35     0.998242      1814819       568.89
        2.50     0.998340      1814986       602.35
        2.65     0.998437      1815160       640.00
        2.88     0.998535      1815343       682.67
        3.07     0.998633      1815526       731.43
        3.31     0.998730      1815696       787.69
        3.60     0.998828      1815874       853.33
        3.84     0.998926      1816049       930.91
        4.13     0.999023      1816233      1024.00
        4.29     0.999072      1816323      1077.89
        4.42     0.999121      1816406      1137.78
        4.58     0.999170      1816497      1204.71
        4.74     0.999219      1816582      1280.00
        4.89     0.999268      1816674      1365.33
        5.05     0.999316      1816772      1462.86
        5.21     0.999365      1816865      1575.38
        5.34     0.999414      1816943      1706.67
        5.50     0.999463      1817027      1861.82
        5.70     0.999512      1817120      2048.00
        5.79     0.999536      1817169      2155.79
        5.86     0.999561      1817203      2275.56
        5.98     0.999585      1817254      2409.41
        6.14     0.999609      1817299      2560.00
        6.24     0.999634      1817335      2730.67
        6.40     0.999658      1817382      2925.71
        6.56     0.999683      1817423      3150.77
        6.78     0.999707      1817470      3413.33
        7.04     0.999731      1817512      3723.64
        7.39     0.999756      1817560      4096.00
        7.52     0.999768      1817580      4311.58
        7.62     0.999780      1817602      4551.11
        7.78     0.999792      1817626      4818.82
        7.90     0.999805      1817646      5120.00
        8.10     0.999817      1817669      5461.33
        8.26     0.999829      1817691      5851.43
        8.45     0.999841      1817714      6301.54
        8.64     0.999854      1817737      6826.67
        8.83     0.999866      1817756      7447.27
        9.09     0.999878      1817782      8192.00
        9.21     0.999884      1817794      8623.16
        9.34     0.999890      1817807      9102.22
        9.41     0.999896      1817812      9637.65
        9.60     0.999902      1817827     10240.00
        9.73     0.999908      1817835     10922.67
        9.79     0.999915      1817845     11702.86
        9.92     0.999921      1817856     12603.08
       10.05     0.999927      1817868     13653.33
       10.18     0.999933      1817881     14894.55
       10.30     0.999939      1817891     16384.00
       10.37     0.999942      1817896     17246.32
       10.43     0.999945      1817904     18204.44
       10.56     0.999948      1817909     19275.29
       10.62     0.999951      1817916     20480.00
       10.69     0.999954      1817921     21845.33
       10.81     0.999957      1817926     23405.71
       10.88     0.999960      1817931     25206.15
       10.94     0.999963      1817935     27306.67
       11.01     0.999966      1817940     29789.09
       11.13     0.999969      1817948     32768.00
       11.13     0.999971      1817948     34492.63
       11.20     0.999973      1817953     36408.89
       11.20     0.999974      1817953     38550.59
       11.26     0.999976      1817956     40960.00
       11.33     0.999977      1817959     43690.67
       11.39     0.999979      1817966     46811.43
       11.39     0.999980      1817966     50412.31
       11.46     0.999982      1817970     54613.33
       11.46     0.999983      1817970     59578.18
       11.65     0.999985      1817978     65536.00
       11.65     0.999986      1817978     68985.26
       11.65     0.999986      1817978     72817.78
       11.65     0.999987      1817978     77101.18
       11.65     0.999988      1817978     81920.00
       11.71     0.999989      1817980     87381.33
       11.78     0.999989      1817981     93622.86
       11.84     0.999990      1817985    100824.62
       11.84     0.999991      1817985    109226.67
       11.84     0.999992      1817985    119156.36
       11.90     0.999992      1817988    131072.00
       11.90     0.999993      1817988    137970.53
       11.90     0.999993      1817988    145635.56
       11.97     0.999994      1817989    154202.35
       11.97     0.999994      1817989    163840.00
       12.03     0.999994      1817991    174762.67
       12.03     0.999995      1817991    187245.71
       12.03     0.999995      1817991    201649.23
       12.10     0.999995      1817993    218453.33
       12.10     0.999996      1817993    238312.73
       12.16     0.999996      1817995    262144.00
       12.16     0.999996      1817995    275941.05
       12.16     0.999997      1817995    291271.11
       12.16     0.999997      1817995    308404.71
       12.16     0.999997      1817995    327680.00
       12.16     0.999997      1817995    349525.33
       12.22     0.999997      1817997    374491.43
       12.22     0.999998      1817997    403298.46
       12.22     0.999998      1817997    436906.67
       12.22     0.999998      1817997    476625.45
       12.22     0.999998      1817997    524288.00
       12.22     0.999998      1817997    551882.11
       12.22     0.999998      1817997    582542.22
       12.29     0.999998      1817998    616809.41
       12.29     0.999998      1817998    655360.00
       12.29     0.999999      1817998    699050.67
       12.29     0.999999      1817998    748982.86
       12.29     0.999999      1817998    806596.92
       12.29     0.999999      1817998    873813.33
       12.35     0.999999      1817999    953250.91
       12.35     0.999999      1817999   1048576.00
       12.35     0.999999      1817999   1103764.21
       12.35     0.999999      1817999   1165084.44
       12.35     0.999999      1817999   1233618.82
       12.35     0.999999      1817999   1310720.00
       12.35     0.999999      1817999   1398101.33
       12.35     0.999999      1817999   1497965.71
       12.35     0.999999      1817999   1613193.85
       12.35     0.999999      1817999   1747626.67
       12.41     0.999999      1818000   1906501.82
       12.41     1.000000      1818000          inf
#[Mean    =        0.905, StdDeviation   =        0.281]
#[Max     =       12.415, Total count    =      1818000]
#[Buckets =           10, SubBuckets     =          256]
