       Value   Percentile   TotalCount 1/(1-Percentile)

        0.07     0.000000            4         1.00
        2.67     0.050000        25013         1.05
        2.72     0.100000        54864         1.11
        2.77     0.150000        69860         1.18
        2.81     0.200000        95630         1.25
        2.85     0.250000       118770         1.33
        2.88     0.300000       147070         1.43
        2.90     0.350000       159288         1.54
        2.93     0.400000       192975         1.67
        2.94     0.450000       211909         1.82
        2.98     0.500000       229922         2.00
        3.02     0.525000       240533         2.11
        3.07     0.550000       251768         2.22
        3.13     0.575000       263914         2.35
        3.15     0.600000       275207         2.50
        3.17     0.625000       289389         2.67
        3.18     0.650000       303540         2.86
        3.20     0.675000       316897         3.08
        3.21     0.700000       326755         3.33
        3.23     0.725000       334932         3.64
        3.25     0.750000       343248         4.00
        3.26     0.762500       349329         4.21
        3.28     0.775000       353505         4.44
        3.29     0.787500       359679         4.71
        3.31     0.800000       371420         5.00
        3.31     0.812500       371420         5.33
        3.33     0.825000       384699         5.71
        3.33     0.837500       384699         6.15
        3.34     0.850000       394601         6.67
        3.34     0.862500       394601         7.27
        3.36     0.875000       399996         8.00
        3.38     0.881250       404389         8.42
        3.38     0.887500       404389         8.89
        3.39     0.893750       408681         9.41
        3.41     0.900000       414513        10.00
        3.41     0.906250       414513        10.67
        3.42     0.912500       421562        11.43
        3.42     0.918750       421562        12.31
        3.42     0.925000       421562        13.33
        3.44     0.931250       429315        14.55
        3.44     0.937500       429315        16.00
        3.44     0.940625       429315        16.84
        3.46     0.943750       436930        17.78
        3.46     0.946875       436930        18.82
        3.46     0.950000       436930        20.00
        3.46     0.953125       436930        21.33
        3.46     0.956250       436930        22.86
        3.46     0.959375       436930        24.62
        3.47     0.962500       441839        26.67
        3.47     0.965625       441839        29.09
        3.47     0.968750       441839        32.00
        3.47     0.970313       441839        33.68
        3.49     0.971875       444672        35.56
        3.49     0.973437       444672        37.65
        3.49     0.975000       444672        40.00
        3.49     0.976562       444672        42.67
        3.50     0.978125       446159        45.71
        3.50     0.979688       446159        49.23
        3.52     0.981250       446809        53.33
        3.54     0.982812       447408        58.18
        3.57     0.984375       448016        64.00
        3.60     0.985156       448391        67.37
        3.63     0.985938       448730        71.11
        3.66     0.986719       448981        75.29
        3.69     0.987500       449364        80.00
        3.73     0.988281       449774        85.33
        3.74     0.989062       450082        91.43
        3.82     0.989844       450404        98.46
        4.25     0.990625       450743       106.67
        4.61     0.991406       451191       116.36
        4.67     0.992188       451645       128.00
        4.67     0.992578       451645       134.74
        4.74     0.992969       451904       142.22
        4.96     0.993359       451995       150.59
        5.44     0.993750       452160       160.00
        6.14     0.994141       452334       170.67
        6.94     0.994531       452519       182.86
        7.62     0.994922       452694       196.92
        8.38     0.995313       452868       213.33
        9.21     0.995703       453061       232.73
        9.86     0.996094       453224       256.00
       10.24     0.996289       453312       269.47
       10.75     0.996484       453401       284.44
       11.20     0.996680       453505       301.18
       11.65     0.996875       453586       320.00
       12.22     0.997070       453678       341.33
       12.67     0.997266       453761       365.71
       13.31     0.997461       453851       393.85
       13.82     0.997656       453943       426.67
       14.27     0.997852       454027       465.45
       14.72     0.998047       454117       512.00
       14.91     0.998145       454156       538.95
       15.23     0.998242       454207       568.89
       15.42     0.998340       454250       602.35
       15.68     0.998437       454298       640.00
       15.87     0.998535       454335       682.67
       16.13     0.998633       454380       731.43
       16.38     0.998730       454428       787.69
       16.77     0.998828       454480       853.33
       17.15     0.998926       454531       930.91
       17.41     0.999023       454566      1024.00
       17.54     0.999072       454587      1077.89
       17.66     0.999121       454606      1137.78
       17.92     0.999170       454637      1204.71
       18.05     0.999219       454653      1280.00
       18.30     0.999268       454679      1365.33
       18.43     0.999316       454690      1462.86
       18.82     0.999365       454713      1575.38
       19.33     0.999414       454736      1706.67
       19.84     0.999463       454757      1861.82
       20.61     0.999512       454778      2048.00
       21.12     0.999536       454790      2155.79
       21.89     0.999561       454802      2275.56
       22.53     0.999585       454814      2409.41
       23.04     0.999609       454823      2560.00
       23.55     0.999634       454836      2730.67
       23.93     0.999658       454847      2925.71
       24.45     0.999683       454858      3150.77
       24.96     0.999707       454871      3413.33
       25.47     0.999731       454879      3723.64
       25.98     0.999756       454889      4096.00
       26.24     0.999768       454895      4311.58
       26.62     0.999780       454902      4551.11
       26.75     0.999792       454906      4818.82
       27.14     0.999805       454913      5120.00
       27.39     0.999817       454917      5461.33
       27.77     0.999829       454923      5851.43
       28.03     0.999841       454928      6301.54
       28.54     0.999854       454935      6826.67
       28.80     0.999866       454939      7447.27
       29.18     0.999878       454945      8192.00
       29.44     0.999884       454948      8623.16
       29.70     0.999890       454951      9102.22
       29.82     0.999896       454954      9637.65
       30.08     0.999902       454956     10240.00
       30.46     0.999908       454959     10922.67
       30.72     0.999915       454963     11702.86
       30.85     0.999921       454965     12603.08
       31.23     0.999927       454968     13653.33
       31.36     0.999933       454971     14894.55
       31.49     0.999939       454973     16384.00
       31.61     0.999942       454975     17246.32
       31.74     0.999945       454976     18204.44
       31.87     0.999948       454977     19275.29
       32.00     0.999951       454981     20480.00
       32.00     0.999954       454981     21845.33
       32.00     0.999957       454981     23405.71
       32.26     0.999960       454983     25206.15
       32.38     0.999963       454984     27306.67
       32.51     0.999966       454985     29789.09
       32.64     0.999969       454987     32768.00
       32.64     0.999971       454987     34492.63
       32.77     0.999973       454989     36408.89
       32.77     0.999974       454989     38550.59
       32.77     0.999976       454989     40960.00
       33.02     0.999977       454991     43690.67
       33.02     0.999979       454991     46811.43
       33.02     0.999980       454991     50412.31
       33.28     0.999982       454993     54613.33
       33.28     0.999983       454993     59578.18
       33.53     0.999985       454994     65536.00
       33.53     0.999986       454994     68985.26
       33.53     0.999986       454994     72817.78
       34.05     0.999987       454996     77101.18
       34.05     0.999988       454996     81920.00
       34.05     0.999989       454996     87381.33
       34.05     0.999989       454996     93622.86
       34.05     0.999990       454996    100824.62
       34.05     0.999991       454996    109226.67
       34.30     0.999992       454997    119156.36
       34.30     0.999992       454997    131072.00
       34.30     0.999993       454997    137970.53
       34.30     0.999993       454997    145635.56
       34.56     0.999994       454999    154202.35
       34.56     0.999994       454999    163840.00
       34.56     0.999994       454999    174762.67
       34.56     0.999995       454999    187245.71
       34.56     0.999995       454999    201649.23
       34.56     0.999995       454999    218453.33
       34.56     0.999996       454999    238312.73
       34.56     0.999996       454999    262144.00
       34.56     0.999996       454999    275941.05
       34.56     0.999997       454999    291271.11
       34.56     0.999997       454999    308404.71
       34.56     0.999997       454999    327680.00
       34.56     0.999997       454999    349525.33
       34.56     0.999997       454999    374491.43
       34.56     0.999998       454999    403298.46
       34.56     0.999998       454999    436906.67
       34.81     0.999998       455000    476625.45
       34.81     1.000000       455000          inf
#[Mean    =        3.094, StdDeviation   =        0.924]
#[Max     =       34.815, Total count    =       455000]
#[Buckets =           10, SubBuckets     =          256]
