       Value   Percentile   TotalCount 1/(1-Percentile)

        0.05     0.000000            2         1.00
        2.59     0.050000       240806         1.05
        2.64     0.100000       563855         1.11
        2.65     0.150000       722870         1.18
        2.69     0.200000      1048455         1.25
        2.70     0.250000      1154298         1.33
        2.75     0.300000      1378662         1.43
        2.81     0.350000      1616122         1.54
        2.90     0.400000      1835051         1.67
        3.25     0.450000      2144357         1.82
        3.26     0.500000      2279218         2.00
        3.28     0.525000      2406616         2.11
        3.29     0.550000      2524241         2.22
        3.31     0.575000      2618492         2.35
        3.34     0.600000      2752882         2.50
        3.38     0.625000      2922555         2.67
        3.39     0.650000      3051607         2.86
        3.41     0.675000      3243913         3.08
        3.41     0.700000      3243913         3.33
        3.42     0.725000      3537328         3.64
        3.42     0.750000      3537328         4.00
        3.42     0.762500      3537328         4.21
        3.42     0.775000      3537328         4.44
        3.44     0.787500      3828006         4.71
        3.44     0.800000      3828006         5.00
        3.44     0.812500      3828006         5.33
        3.44     0.825000      3828006         5.71
        3.44     0.837500      3828006         6.15
        3.46     0.850000      4032440         6.67
        3.46     0.862500      4032440         7.27
        3.46     0.875000      4032440         8.00
        3.46     0.881250      4032440         8.42
        3.47     0.887500      4154673         8.89
        3.47     0.893750      4154673         9.41
        3.47     0.900000      4154673        10.00
        3.47     0.906250      4154673        10.67
        3.47     0.912500      4154673        11.43
        3.49     0.918750      4237531        12.31
        3.49     0.925000      4237531        13.33
        3.49     0.931250      4237531        14.55
        3.50     0.937500      4296000        16.00
        3.50     0.940625      4296000        16.84
        3.50     0.943750      4296000        17.78
        3.52     0.946875      4336936        18.82
        3.52     0.950000      4336936        20.00
        3.52     0.953125      4336936        21.33
        3.54     0.956250      4371681        22.86
        3.54     0.959375      4371681        24.62
        3.55     0.962500      4398452        26.67
        3.55     0.965625      4398452        29.09
        3.57     0.968750      4413821        32.00
        3.57     0.970313      4413821        33.68
        3.58     0.971875      4422182        35.56
        3.60     0.973437      4430384        37.65
        3.62     0.975000      4437575        40.00
        3.63     0.976562      4443176        42.67
        3.65     0.978125      4447717        45.71
        3.69     0.979688      4453432        49.23
        3.82     0.981250      4460425        53.33
        4.19     0.982812      4467183        58.18
        4.38     0.984375      4475310        64.00
        4.42     0.985156      4482108        67.37
        4.42     0.985938      4482108        71.11
        4.45     0.986719      4491509        75.29
        4.45     0.987500      4491509        80.00
        4.48     0.988281      4498574        85.33
        4.48     0.989062      4498574        91.43
        4.51     0.989844      4505040        98.46
        4.51     0.990625      4505040       106.67
        4.54     0.991406      4509224       116.36
        4.58     0.992188      4511033       128.00
        4.61     0.992578      4513010       134.74
        4.64     0.992969      4514262       142.22
        4.67     0.993359      4514984       150.59
        4.86     0.993750      4516831       160.00
        5.15     0.994141      4518566       170.67
        5.73     0.994531      4520228       182.86
        6.59     0.994922      4521997       196.92
        7.49     0.995313      4523720       213.33
        8.51     0.995703      4525545       232.73
        9.47     0.996094      4527248       256.00
       10.05     0.996289      4528217       269.47
       10.56     0.996484      4529118       284.44
       11.07     0.996680      4530002       301.18
       11.58     0.996875      4530877       320.00
       12.10     0.997070      4531768       341.33
       12.54     0.997266      4532617       365.71
       13.05     0.997461      4533519       393.85
       13.50     0.997656      4534372       426.67
       14.02     0.997852      4535349       465.45
       14.40     0.998047      4536125       512.00
       14.65     0.998145      4536639       538.95
       14.85     0.998242      4537061       568.89
       15.04     0.998340      4537473       602.35
       15.23     0.998437      4537913       640.00
       15.49     0.998535      4538441       682.67
       15.68     0.998633      4538860       731.43
       15.87     0.998730      4539302       787.69
       16.06     0.998828      4539683       853.33
       16.32     0.998926      4540163       930.91
       16.64     0.999023      4540685      1024.00
       16.77     0.999072      4540892      1077.89
       16.89     0.999121      4541085      1137.78
       17.02     0.999170      4541269      1204.71
       17.15     0.999219      4541478      1280.00
       17.41     0.999268      4541828      1365.33
       17.54     0.999316      4542015      1462.86
       17.66     0.999365      4542183      1575.38
       17.79     0.999414      4542339      1706.67
       18.05     0.999463      4542611      1861.82
       18.30     0.999512      4542869      2048.00
       18.43     0.999536      4542964      2155.79
       18.56     0.999561      4543062      2275.56
       18.69     0.999585      4543132      2409.41
       18.94     0.999609      4543294      2560.00
       19.07     0.999634      4543340      2730.67
       19.45     0.999658      4543479      2925.71
       19.84     0.999683      4543582      3150.77
       20.35     0.999707      4543677      3413.33
       21.25     0.999731      4543790      3723.64
       22.27     0.999756      4543901      4096.00
       22.78     0.999768      4543947      4311.58
       23.42     0.999780      4544002      4551.11
       24.06     0.999792      4544060      4818.82
       24.70     0.999805      4544120      5120.00
       25.21     0.999817      4544173      5461.33
       25.73     0.999829      4544229      5851.43
       26.37     0.999841      4544287      6301.54
       27.01     0.999854      4544349      6826.67
       27.52     0.999866      4544395      7447.27
       28.16     0.999878      4544457      8192.00
       28.29     0.999884      4544476      8623.16
       28.67     0.999890      4544509      9102.22
       28.93     0.999896      4544533      9637.65
       29.31     0.999902      4544569     10240.00
       29.57     0.999908      4544592     10922.67
       29.82     0.999915      4544614     11702.86
       30.08     0.999921      4544643     12603.08
       30.46     0.999927      4544675     13653.33
       30.72     0.999933      4544700     14894.55
       31.10     0.999939      4544737     16384.00
       31.10     0.999942      4544737     17246.32
       31.36     0.999945      4544760     18204.44
       31.49     0.999948      4544770     19275.29
       31.74     0.999951      4544793     20480.00
       31.74     0.999954      4544793     21845.33
       32.00     0.999957      4544820     23405.71
       32.00     0.999960      4544820     25206.15
       32.26     0.999963      4544837     27306.67
       32.51     0.999966      4544855     29789.09
       32.64     0.999969      4544867     32768.00
       32.77     0.999971      4544875     34492.63
       33.02     0.999973      4544891     36408.89
       33.02     0.999974      4544891     38550.59
       33.02     0.999976      4544891     40960.00
       33.28     0.999977      4544909     43690.67
       33.28     0.999979      4544909     46811.43
       33.53     0.999980      4544921     50412.31
       33.53     0.999982      4544921     54613.33
       33.79     0.999983      4544933     59578.18
       33.79     0.999985      4544933     65536.00
       34.05     0.999986      4544944     68985.26
       34.05     0.999986      4544944     72817.78
       34.05     0.999987      4544944     77101.18
       34.30     0.999988      4544951     81920.00
       34.30     0.999989      4544951     87381.33
       34.56     0.999989      4544959     93622.86
       34.56     0.999990      4544959    100824.62
       34.56     0.999991      4544959    109226.67
       34.81     0.999992      4544967    119156.36
       34.81     0.999992      4544967    131072.00
       35.07     0.999993      4544974    137970.53
       35.07     0.999993      4544974    145635.56
       35.07     0.999994      4544974    154202.35
       35.07     0.999994      4544974    163840.00
       35.07     0.999994      4544974    174762.67
       35.33     0.999995      4544978    187245.71
       35.33     0.999995      4544978    201649.23
       35.58     0.999995      4544982    218453.33
       35.58     0.999996      4544982    238312.73
       35.84     0.999996      4544984    262144.00
       35.84     0.999996      4544984    275941.05
       36.09     0.999997      4544988    291271.11
       36.09     0.999997      4544988    308404.71
       36.09     0.999997      4544988    327680.00
       36.09     0.999997      4544988    349525.33
       36.09     0.999997      4544988    374491.43
       36.35     0.999998      4544990    403298.46
       36.35     0.999998      4544990    436906.67
       36.61     0.999998      4544992    476625.45
       36.61     0.999998      4544992    524288.00
       36.61     0.999998      4544992    551882.11
      210.94     0.999998      4544997    582542.22
      210.94     0.999998      4544997    616809.41
      210.94     0.999998      4544997    655360.00
      210.94     0.999999      4544997    699050.67
      210.94     0.999999      4544997    748982.86
      210.94     0.999999      4544997    806596.92
      210.94     0.999999      4544997    873813.33
      210.94     0.999999      4544997    953250.91
      210.94     0.999999      4544997   1048576.00
      210.94     0.999999      4544997   1103764.21
      210.94     0.999999      4544997   1165084.44
      210.94     0.999999      4544997   1233618.82
      210.94     0.999999      4544997   1310720.00
      210.94     0.999999      4544997   1398101.33
      210.94     0.999999      4544997   1497965.71
      212.99     0.999999      4545000   1613193.85
      212.99     1.000000      4545000          inf
#[Mean    =        3.151, StdDeviation   =        0.950]
#[Max     =      212.991, Total count    =      4545000]
#[Buckets =           10, SubBuckets     =          256]
