       Value   Percentile   TotalCount 1/(1-Percentile)

        0.05     0.000000            2         1.00
        2.59     0.050000       265868         1.05
        2.64     0.100000       620682         1.11
        2.65     0.150000       795703         1.18
        2.69     0.200000      1153408         1.25
        2.70     0.250000      1270468         1.33
        2.75     0.300000      1516952         1.43
        2.81     0.350000      1778391         1.54
        2.90     0.400000      2019274         1.67
        3.25     0.450000      2359125         1.82
        3.26     0.500000      2507578         2.00
        3.28     0.525000      2647954         2.11
        3.29     0.550000      2777061         2.22
        3.31     0.575000      2880822         2.35
        3.34     0.600000      3028870         2.50
        3.38     0.625000      3215479         2.67
        3.39     0.650000      3357431         2.86
        3.41     0.675000      3568954         3.08
        3.41     0.700000      3568954         3.33
        3.42     0.725000      3890544         3.64
        3.42     0.750000      3890544         4.00
        3.42     0.762500      3890544         4.21
        3.42     0.775000      3890544         4.44
        3.44     0.787500      4210005         4.71
        3.44     0.800000      4210005         5.00
        3.44     0.812500      4210005         5.33
        3.44     0.825000      4210005         5.71
        3.44     0.837500      4210005         6.15
        3.46     0.850000      4435658         6.67
        3.46     0.862500      4435658         7.27
        3.46     0.875000      4435658         8.00
        3.46     0.881250      4435658         8.42
        3.47     0.887500      4570524         8.89
        3.47     0.893750      4570524         9.41
        3.47     0.900000      4570524        10.00
        3.47     0.906250      4570524        10.67
        3.47     0.912500      4570524        11.43
        3.49     0.918750      4661550        12.31
        3.49     0.925000      4661550        13.33
        3.49     0.931250      4661550        14.55
        3.50     0.937500      4725727        16.00
        3.50     0.940625      4725727        16.84
        3.50     0.943750      4725727        17.78
        3.52     0.946875      4770728        18.82
        3.52     0.950000      4770728        20.00
        3.52     0.953125      4770728        21.33
        3.54     0.956250      4808590        22.86
        3.54     0.959375      4808590        24.62
        3.55     0.962500      4838390        26.67
        3.55     0.965625      4838390        29.09
        3.57     0.968750      4855357        32.00
        3.57     0.970313      4855357        33.68
        3.58     0.971875      4864814        35.56
        3.60     0.973437      4874124        37.65
        3.62     0.975000      4882047        40.00
        3.63     0.976562      4888210        42.67
        3.65     0.978125      4893109        45.71
        3.69     0.979688      4899375        49.23
        3.82     0.981250      4906887        53.33
        4.19     0.982812      4914396        58.18
        4.38     0.984375      4923385        64.00
        4.42     0.985156      4930706        67.37
        4.42     0.985938      4930706        71.11
        4.45     0.986719      4940921        75.29
        4.45     0.987500      4940921        80.00
        4.48     0.988281      4948645        85.33
        4.48     0.989062      4948645        91.43
        4.51     0.989844      4955758        98.46
        4.51     0.990625      4955758       106.67
        4.54     0.991406      4960464       116.36
        4.58     0.992188      4962538       128.00
        4.61     0.992578      4964885       134.74
        4.61     0.992969      4964885       142.22
        4.67     0.993359      4967118       150.59
        4.83     0.993750      4968844       160.00
        5.12     0.994141      4970739       170.67
        5.73     0.994531      4972743       182.86
        6.59     0.994922      4974693       196.92
        7.49     0.995313      4976580       213.33
        8.51     0.995703      4978610       232.73
        9.47     0.996094      4980489       256.00
        9.98     0.996289      4981448       269.47
       10.49     0.996484      4982452       284.44
       11.01     0.996680      4983449       301.18
       11.52     0.996875      4984442       320.00
       12.03     0.997070      4985407       341.33
       12.54     0.997266      4986469       365.71
       12.99     0.997461      4987349       393.85
       13.44     0.997656      4988287       426.67
       13.95     0.997852      4989373       465.45
       14.40     0.998047      4990336       512.00
       14.59     0.998145      4990736       538.95
       14.85     0.998242      4991345       568.89
       15.04     0.998340      4991786       602.35
       15.23     0.998437      4992267       640.00
       15.49     0.998535      4992830       682.67
       15.68     0.998633      4993281       731.43
       15.87     0.998730      4993750       787.69
       16.06     0.998828      4994166       853.33
       16.32     0.998926      4994699       930.91
       16.64     0.999023      4995273      1024.00
       16.77     0.999072      4995502      1077.89
       16.89     0.999121      4995718      1137.78
       17.02     0.999170      4995930      1204.71
       17.15     0.999219      4996155      1280.00
       17.28     0.999268      4996365      1365.33
       17.54     0.999316      4996753      1462.86
       17.66     0.999365      4996939      1575.38
       17.79     0.999414      4997110      1706.67
       18.05     0.999463      4997414      1861.82
       18.18     0.999512      4997563      2048.00
       18.30     0.999536      4997696      2155.79
       18.56     0.999561      4997907      2275.56
       18.69     0.999585      4997987      2409.41
       18.82     0.999609      4998080      2560.00
       19.07     0.999634      4998210      2730.67
       19.33     0.999658      4998317      2925.71
       19.71     0.999683      4998436      3150.77
       20.22     0.999707      4998553      3413.33
       20.99     0.999731      4998669      3723.64
       22.02     0.999756      4998781      4096.00
       22.66     0.999768      4998844      4311.58
       23.30     0.999780      4998904      4551.11
       23.81     0.999792      4998964      4818.82
       24.45     0.999805      4999028      5120.00
       25.09     0.999817      4999092      5461.33
       25.60     0.999829      4999148      5851.43
       26.24     0.999841      4999216      6301.54
       26.88     0.999854      4999277      6826.67
       27.52     0.999866      4999344      7447.27
       28.03     0.999878      4999395      8192.00
       28.29     0.999884      4999427      8623.16
       28.67     0.999890      4999461      9102.22
       28.93     0.999896      4999487      9637.65
       29.31     0.999902      4999526     10240.00
       29.57     0.999908      4999549     10922.67
       29.82     0.999915      4999574     11702.86
       30.08     0.999921      4999605     12603.08
       30.46     0.999927      4999641     13653.33
       30.72     0.999933      4999668     14894.55
       31.10     0.999939      4999709     16384.00
       31.23     0.999942      4999717     17246.32
       31.36     0.999945      4999735     18204.44
       31.49     0.999948      4999745     19275.29
       31.74     0.999951      4999773     20480.00
       31.74     0.999954      4999773     21845.33
       32.00     0.999957      4999801     23405.71
       32.13     0.999960      4999809     25206.15
       32.26     0.999963      4999818     27306.67
       32.51     0.999966      4999839     29789.09
       32.64     0.999969      4999852     32768.00
       32.77     0.999971      4999862     34492.63
       33.02     0.999973      4999879     36408.89
       33.02     0.999974      4999879     38550.59
       33.02     0.999976      4999879     40960.00
       33.28     0.999977      4999898     43690.67
       33.28     0.999979      4999898     46811.43
       33.53     0.999980      4999914     50412.31
       33.53     0.999982      4999914     54613.33
       33.79     0.999983      4999927     59578.18
       33.79     0.999985      4999927     65536.00
       34.05     0.999986      4999938     68985.26
       34.05     0.999986      4999938     72817.78
       34.05     0.999987      4999938     77101.18
       34.30     0.999988      4999948     81920.00
       34.30     0.999989      4999948     87381.33
       34.30     0.999989      4999948     93622.86
       34.56     0.999990      4999957    100824.62
       34.56     0.999991      4999957    109226.67
       34.81     0.999992      4999965    119156.36
       34.81     0.999992      4999965    131072.00
       34.81     0.999993      4999965    137970.53
       35.07     0.999993      4999974    145635.56
       35.07     0.999994      4999974    154202.35
       35.07     0.999994      4999974    163840.00
       35.07     0.999994      4999974    174762.67
       35.07     0.999995      4999974    187245.71
       35.33     0.999995      4999978    201649.23
       35.33     0.999995      4999978    218453.33
       35.58     0.999996      4999982    238312.73
       35.58     0.999996      4999982    262144.00
       35.58     0.999996      4999982    275941.05
       35.84     0.999997      4999984    291271.11
       35.84     0.999997      4999984    308404.71
       36.09     0.999997      4999988    327680.00
       36.09     0.999997      4999988    349525.33
       36.09     0.999997      4999988    374491.43
       36.09     0.999998      4999988    403298.46
       36.35     0.999998      4999990    436906.67
       36.35     0.999998      4999990    476625.45
       36.61     0.999998      4999992    524288.00
       36.61     0.999998      4999992    551882.11
       36.61     0.999998      4999992    582542.22
       36.61     0.999998      4999992    616809.41
      210.94     0.999998      4999997    655360.00
      210.94     0.999999      4999997    699050.67
      210.94     0.999999      4999997    748982.86
      210.94     0.999999      4999997    806596.92
      210.94     0.999999      4999997    873813.33
      210.94     0.999999      4999997    953250.91
      210.94     0.999999      4999997   1048576.00
      210.94     0.999999      4999997   1103764.21
      210.94     0.999999      4999997   1165084.44
      210.94     0.999999      4999997   1233618.82
      210.94     0.999999      4999997   1310720.00
      210.94     0.999999      4999997   1398101.33
      210.94     0.999999      4999997   1497965.71
      210.94     0.999999      4999997   1613193.85
      212.99     0.999999      5000000   1747626.67
      212.99     1.000000      5000000          inf
#[Mean    =        3.151, StdDeviation   =        0.945]
#[Max     =      212.991, Total count    =      5000000]
#[Buckets =           10, SubBuckets     =          256]
