Value Percentile TotalCount 1/(1-Percentile)

0.06 0.000000 2 1.00
1.40 0.050000 121949 1.05
1.42 0.100000 226291 1.11
1.44 0.150000 328500 1.18
1.46 0.200000 457518 1.25
1.46 0.250000 529666 1.33
1.47 0.300000 605138 1.43
1.49 0.350000 760017 1.54
1.50 0.400000 835135 1.67
1.50 0.450000 907482 1.82
1.52 0.500000 1034879 2.00
1.53 0.525000 1089894 2.11
1.53 0.550000 1138791 2.22
1.54 0.575000 1181089 2.35
1.55 0.600000 1217749 2.50
1.57 0.625000 1276396 2.67
1.58 0.650000 1317584 2.86
1.61 0.675000 1357467 3.08
1.67 0.700000 1400428 3.33
1.80 0.725000 1452491 3.64
1.86 0.750000 1501458 4.00
1.90 0.762500 1532856 4.21
1.91 0.775000 1550412 4.44
1.94 0.787500 1577811 4.71
1.96 0.800000 1607162 5.00
1.98 0.812500 1627298 5.33
2.00 0.825000 1658482 5.71
2.02 0.837500 1679573 6.15
2.03 0.850000 1700646 6.67
2.06 0.862500 1741516 7.27
2.08 0.875000 1761248 8.00
2.10 0.881250 1780108 8.42
2.10 0.887500 1780108 8.89
2.11 0.893750 1797587 9.41
2.13 0.900000 1813808 10.00
2.13 0.906250 1813808 10.67
2.14 0.912500 1828492 11.43
2.16 0.918750 1841375 12.31
2.17 0.925000 1852714 13.33
2.21 0.931250 1870177 14.55
2.22 0.937500 1876767 16.00
2.24 0.940625 1882134 16.84
2.27 0.943750 1889648 17.78
2.30 0.946875 1894275 18.82
2.42 0.950000 1900115 20.00
2.58 0.953125 1907206 21.33
2.62 0.956250 1913673 22.86
2.65 0.959375 1920238 24.62
2.69 0.962500 1928715 26.67
2.70 0.965625 1933603 29.09
2.72 0.968750 1938697 32.00
2.73 0.970313 1943990 33.68
2.73 0.971875 1943990 35.56
2.75 0.973437 1949514 37.65
2.77 0.975000 1955047 40.00
2.77 0.976562 1955047 42.67
2.78 0.978125 1960486 45.71
2.78 0.979688 1960486 49.23
2.80 0.981250 1965654 53.33
2.80 0.982812 1965654 58.18
2.81 0.984375 1970341 64.00
2.81 0.985156 1970341 67.37
2.83 0.985938 1974629 71.11
2.83 0.986719 1974629 75.29
2.85 0.987500 1978362 80.00
2.85 0.988281 1978362 85.33
2.85 0.989062 1978362 91.43
2.86 0.989844 1981649 98.46
2.86 0.990625 1981649 106.67
2.88 0.991406 1984507 116.36
2.88 0.992188 1984507 128.00
2.90 0.992578 1986725 134.74
2.90 0.992969 1986725 142.22
2.90 0.993359 1986725 150.59
2.91 0.993750 1988575 160.00
2.91 0.994141 1988575 170.67
2.93 0.994531 1990054 182.86
2.93 0.994922 1990054 196.92
2.94 0.995313 1991224 213.33
2.96 0.995703 1992114 232.73
2.98 0.996094 1992786 256.00
2.98 0.996289 1992786 269.47
2.99 0.996484 1993309 284.44
3.01 0.996680 1993741 301.18
3.02 0.996875 1994048 320.00
3.04 0.997070 1994280 341.33
3.07 0.997266 1994613 365.71
3.15 0.997461 1994961 393.85
3.34 0.997656 1995340 426.67
3.57 0.997852 1995719 465.45
3.79 0.998047 1996097 512.00
3.92 0.998145 1996290 538.95
4.06 0.998242 1996505 568.89
4.19 0.998340 1996700 602.35
4.32 0.998437 1996886 640.00
4.45 0.998535 1997097 682.67
4.58 0.998633 1997280 731.43
4.70 0.998730 1997464 787.69
4.86 0.998828 1997690 853.33
4.99 0.998926 1997882 930.91
5.12 0.999023 1998065 1024.00
5.18 0.999072 1998163 1077.89
5.28 0.999121 1998290 1137.78
5.31 0.999170 1998344 1204.71
5.41 0.999219 1998476 1280.00
5.47 0.999268 1998576 1365.33
5.54 0.999316 1998666 1462.86
5.60 0.999365 1998758 1575.38
5.66 0.999414 1998848 1706.67
5.73 0.999463 1998927 1861.82
5.82 0.999512 1999036 2048.00
5.86 0.999536 1999081 2155.79
5.92 0.999561 1999148 2275.56
5.95 0.999585 1999173 2409.41
6.01 0.999609 1999242 2560.00
6.05 0.999634 1999275 2730.67
6.11 0.999658 1999326 2925.71
6.17 0.999683 1999373 3150.77
6.27 0.999707 1999432 3413.33
6.37 0.999731 1999474 3723.64
6.46 0.999756 1999513 4096.00
6.53 0.999768 1999537 4311.58
6.59 0.999780 1999561 4551.11
6.66 0.999792 1999590 4818.82
6.75 0.999805 1999617 5120.00
6.82 0.999817 1999639 5461.33
6.88 0.999829 1999659 5851.43
7.01 0.999841 1999690 6301.54
7.07 0.999854 1999710 6826.67
7.17 0.999866 1999734 7447.27
7.42 0.999878 1999760 8192.00
7.58 0.999884 1999772 8623.16
7.74 0.999890 1999783 9102.22
7.93 0.999896 1999795 9637.65
32.51 0.999902 1999805 10240.00
33.02 0.999908 1999820 10922.67
33.53 0.999915 1999837 11702.86
33.79 0.999921 1999855 12603.08
33.79 0.999927 1999855 13653.33
34.05 0.999933 1999871 14894.55
34.30 0.999939 1999885 16384.00
34.30 0.999942 1999885 17246.32
34.56 0.999945 1999898 18204.44
34.56 0.999948 1999898 19275.29
34.81 0.999951 1999918 20480.00
34.81 0.999954 1999918 21845.33
34.81 0.999957 1999918 23405.71
35.07 0.999960 1999940 25206.15
35.07 0.999963 1999940 27306.67
35.07 0.999966 1999940 29789.09
35.07 0.999969 1999940 32768.00
35.33 0.999971 1999961 34492.63
35.33 0.999973 1999961 36408.89
35.33 0.999974 1999961 38550.59
35.33 0.999976 1999961 40960.00
35.33 0.999977 1999961 43690.67
35.33 0.999979 1999961 46811.43
35.33 0.999980 1999961 50412.31
35.58 0.999982 1999980 54613.33
35.58 0.999983 1999980 59578.18
35.58 0.999985 1999980 65536.00
35.58 0.999986 1999980 68985.26
35.58 0.999986 1999980 72817.78
35.58 0.999987 1999980 77101.18
35.58 0.999988 1999980 81920.00
35.58 0.999989 1999980 87381.33
35.58 0.999989 1999980 93622.86
35.84 0.999990 1999989 100824.62
35.84 0.999991 1999989 109226.67
35.84 0.999992 1999989 119156.36
35.84 0.999992 1999989 131072.00
35.84 0.999993 1999989 137970.53
35.84 0.999993 1999989 145635.56
35.84 0.999994 1999989 154202.35
35.84 0.999994 1999989 163840.00
35.84 0.999994 1999989 174762.67
36.09 0.999995 1999996 187245.71
36.09 0.999995 1999996 201649.23
36.09 0.999995 1999996 218453.33
36.09 0.999996 1999996 238312.73
36.09 0.999996 1999996 262144.00
36.09 0.999996 1999996 275941.05
36.09 0.999997 1999996 291271.11
36.09 0.999997 1999996 308404.71
36.09 0.999997 1999996 327680.00
36.09 0.999997 1999996 349525.33
36.09 0.999997 1999996 374491.43
36.09 0.999998 1999996 403298.46
36.09 0.999998 1999996 436906.67
36.09 0.999998 1999996 476625.45
36.35 0.999998 2000000 524288.00
36.35 1.000000 2000000 inf
