       Value   Percentile   TotalCount 1/(1-Percentile)

        0.06     0.000000            1         1.00
        2.69     0.050000        23357         1.05
        2.72     0.100000        68031         1.11
        2.73     0.150000       105837         1.18
        2.73     0.200000       105837         1.25
        2.75     0.250000       147241         1.33
        2.75     0.300000       147241         1.43
        2.77     0.350000       186407         1.54
        2.77     0.400000       186407         1.67
        2.78     0.450000       221160         1.82
        2.80     0.500000       245082         2.00
        2.80     0.525000       245082         2.11
        2.81     0.550000       260129         2.22
        2.83     0.575000       270074         2.35
        2.85     0.600000       277871         2.50
        2.86     0.625000       286924         2.67
        2.88     0.650000       298348         2.86
        2.90     0.675000       309136         3.08
        2.93     0.700000       319331         3.33
        3.12     0.725000       330168         3.64
        3.25     0.750000       344078         4.00
        3.26     0.762500       347260         4.21
        3.33     0.775000       357635         4.44
        3.34     0.787500       365261         4.71
        3.34     0.800000       365261         5.00
        3.36     0.812500       376750         5.33
        3.36     0.825000       376750         5.71
        3.38     0.837500       390155         6.15
        3.38     0.850000       390155         6.67
        3.39     0.862500       403766         7.27
        3.39     0.875000       403766         8.00
        3.39     0.881250       403766         8.42
        3.41     0.887500       415686         8.89
        3.41     0.893750       415686         9.41
        3.41     0.900000       415686        10.00
        3.41     0.906250       415686        10.67
        3.41     0.912500       415686        11.43
        3.42     0.918750       426920        12.31
        3.42     0.925000       426920        13.33
        3.42     0.931250       426920        14.55
        3.42     0.937500       426920        16.00
        3.44     0.940625       435548        16.84
        3.44     0.943750       435548        17.78
        3.44     0.946875       435548        18.82
        3.44     0.950000       435548        20.00
        3.44     0.953125       435548        21.33
        3.44     0.956250       435548        22.86
        3.46     0.959375       441353        24.62
        3.46     0.962500       441353        26.67
        3.46     0.965625       441353        29.09
        3.46     0.968750       441353        32.00
        3.47     0.970313       444631        33.68
        3.47     0.971875       444631        35.56
        3.47     0.973437       444631        37.65
        3.47     0.975000       444631        40.00
        3.47     0.976562       444631        42.67
        3.49     0.978125       446487        45.71
        3.49     0.979688       446487        49.23
        3.49     0.981250       446487        53.33
        3.50     0.982812       447834        58.18
        3.52     0.984375       448816        64.00
        3.52     0.985156       448816        67.37
        3.52     0.985938       448816        71.11
        3.54     0.986719       449377        75.29
        3.54     0.987500       449377        80.00
        3.55     0.988281       449770        85.33
        3.57     0.989062       450089        91.43
        3.60     0.989844       450400        98.46
        3.63     0.990625       450766       106.67
        3.76     0.991406       451093       116.36
        4.03     0.992188       451455       128.00
        4.22     0.992578       451640       134.74
        4.35     0.992969       451815       142.22
        4.45     0.993359       451991       150.59
        4.51     0.993750       452229       160.00
        4.61     0.994141       452342       170.67
        4.77     0.994531       452555       182.86
        5.12     0.994922       452694       196.92
        5.47     0.995313       452887       213.33
        5.95     0.995703       453045       232.73
        6.97     0.996094       453225       256.00
        7.49     0.996289       453312       269.47
        8.06     0.996484       453404       284.44
        8.64     0.996680       453490       301.18
        9.28     0.996875       453580       320.00
        9.98     0.997070       453674       341.33
       10.69     0.997266       453771       365.71
       11.33     0.997461       453853       393.85
       11.84     0.997656       453940       426.67
       12.41     0.997852       454031       465.45
       13.05     0.998047       454128       512.00
       13.25     0.998145       454160       538.95
       13.50     0.998242       454205       568.89
       13.76     0.998340       454252       602.35
       14.08     0.998437       454294       640.00
       14.40     0.998535       454340       682.67
       14.72     0.998633       454380       731.43
       15.04     0.998730       454425       787.69
       15.36     0.998828       454469       853.33
       15.62     0.998926       454517       930.91
       15.94     0.999023       454563      1024.00
       16.06     0.999072       454580      1077.89
       16.25     0.999121       454607      1137.78
       16.51     0.999170       454639      1204.71
       16.64     0.999219       454662      1280.00
       16.77     0.999268       454676      1365.33
       16.89     0.999316       454698      1462.86
       17.02     0.999365       454720      1575.38
       17.15     0.999414       454740      1706.67
       17.28     0.999463       454761      1861.82
       17.54     0.999512       454795      2048.00
       17.54     0.999536       454795      2155.79
       17.66     0.999561       454812      2275.56
       17.66     0.999585       454812      2409.41
       17.79     0.999609       454830      2560.00
       17.92     0.999634       454847      2730.67
       17.92     0.999658       454847      2925.71
       18.05     0.999683       454857      3150.77
       18.30     0.999707       454877      3413.33
       18.43     0.999731       454880      3723.64
       18.69     0.999756       454889      4096.00
       19.07     0.999768       454896      4311.58
       19.45     0.999780       454901      4551.11
       19.71     0.999792       454906      4818.82
       21.12     0.999805       454912      5120.00
       21.63     0.999817       454917      5461.33
       22.53     0.999829       454924      5851.43
       23.04     0.999841       454928      6301.54
       23.55     0.999854       454936      6826.67
       23.81     0.999866       454939      7447.27
       25.34     0.999878       454945      8192.00
       26.11     0.999884       454949      8623.16
       26.88     0.999890       454951      9102.22
       27.26     0.999896       454953      9637.65
       27.77     0.999902       454956     10240.00
       28.16     0.999908       454959     10922.67
       28.41     0.999915       454962     11702.86
       28.67     0.999921       454964     12603.08
       28.93     0.999927       454967     13653.33
       29.18     0.999933       454970     14894.55
       29.44     0.999939       454973     16384.00
       29.57     0.999942       454975     17246.32
       29.70     0.999945       454976     18204.44
       29.82     0.999948       454977     19275.29
       29.95     0.999951       454978     20480.00
       30.08     0.999954       454980     21845.33
       30.59     0.999957       454983     23405.71
       30.59     0.999960       454983     25206.15
       30.72     0.999963       454984     27306.67
       30.85     0.999966       454985     29789.09
       31.10     0.999969       454987     32768.00
       31.10     0.999971       454987     34492.63
       31.23     0.999973       454988     36408.89
       31.87     0.999974       454989     38550.59
       31.87     0.999976       454989     40960.00
       32.26     0.999977       454990     43690.67
       32.51     0.999979       454991     46811.43
       32.51     0.999980       454991     50412.31
       32.77     0.999982       454992     54613.33
       33.02     0.999983       454993     59578.18
       33.28     0.999985       454994     65536.00
       33.28     0.999986       454994     68985.26
       33.28     0.999986       454994     72817.78
       33.53     0.999987       454996     77101.18
       33.53     0.999988       454996     81920.00
       33.53     0.999989       454996     87381.33
       33.53     0.999989       454996     93622.86
       33.53     0.999990       454996    100824.62
       33.53     0.999991       454996    109226.67
       34.05     0.999992       454998    119156.36
       34.05     0.999992       454998    131072.00
       34.05     0.999993       454998    137970.53
       34.05     0.999993       454998    145635.56
       34.05     0.999994       454998    154202.35
       34.05     0.999994       454998    163840.00
       34.05     0.999994       454998    174762.67
       34.05     0.999995       454998    187245.71
       34.05     0.999995       454998    201649.23
       34.05     0.999995       454998    218453.33
       34.30     0.999996       454999    238312.73
       34.30     0.999996       454999    262144.00
       34.30     0.999996       454999    275941.05
       34.30     0.999997       454999    291271.11
       34.30     0.999997       454999    308404.71
       34.30     0.999997       454999    327680.00
       34.30     0.999997       454999    349525.33
       34.30     0.999997       454999    374491.43
       34.30     0.999998       454999    403298.46
       34.30     0.999998       454999    436906.67
       34.56     0.999998       455000    476625.45
       34.56     1.000000       455000          inf
#[Mean    =        2.973, StdDeviation   =        0.783]
#[Max     =       34.559, Total count    =       455000]
#[Buckets =           10, SubBuckets     =          256]
