       Value   Percentile   TotalCount 1/(1-Percentile)

        0.06     0.000000           11         1.00
        2.70     0.050000       383071         1.05
        2.72     0.100000       675517         1.11
        2.73     0.150000      1051832         1.18
        2.73     0.200000      1051832         1.25
        2.75     0.250000      1470122         1.33
        2.75     0.300000      1470122         1.43
        2.77     0.350000      1860670         1.54
        2.77     0.400000      1860670         1.67
        2.78     0.450000      2209465         1.82
        2.80     0.500000      2446844         2.00
        2.80     0.525000      2446844         2.11
        2.81     0.550000      2597160         2.22
        2.83     0.575000      2696243         2.35
        2.85     0.600000      2775891         2.50
        2.86     0.625000      2867670         2.67
        2.88     0.650000      2983260         2.86
        2.90     0.675000      3086431         3.08
        2.93     0.700000      3186163         3.33
        3.13     0.725000      3315518         3.64
        3.25     0.750000      3434003         4.00
        3.28     0.762500      3477913         4.21
        3.33     0.775000      3568401         4.44
        3.34     0.787500      3643207         4.71
        3.34     0.800000      3643207         5.00
        3.36     0.812500      3756182         5.33
        3.36     0.825000      3756182         5.71
        3.38     0.837500      3891887         6.15
        3.38     0.850000      3891887         6.67
        3.39     0.862500      4030171         7.27
        3.39     0.875000      4030171         8.00
        3.39     0.881250      4030171         8.42
        3.41     0.887500      4151886         8.89
        3.41     0.893750      4151886         9.41
        3.41     0.900000      4151886        10.00
        3.41     0.906250      4151886        10.67
        3.41     0.912500      4151886        11.43
        3.42     0.918750      4263516        12.31
        3.42     0.925000      4263516        13.33
        3.42     0.931250      4263516        14.55
        3.42     0.937500      4263516        16.00
        3.44     0.940625      4350850        16.84
        3.44     0.943750      4350850        17.78
        3.44     0.946875      4350850        18.82
        3.44     0.950000      4350850        20.00
        3.44     0.953125      4350850        21.33
        3.44     0.956250      4350850        22.86
        3.46     0.959375      4408780        24.62
        3.46     0.962500      4408780        26.67
        3.46     0.965625      4408780        29.09
        3.46     0.968750      4408780        32.00
        3.47     0.970313      4441054        33.68
        3.47     0.971875      4441054        35.56
        3.47     0.973437      4441054        37.65
        3.47     0.975000      4441054        40.00
        3.47     0.976562      4441054        42.67
        3.49     0.978125      4459511        45.71
        3.49     0.979688      4459511        49.23
        3.50     0.981250      4472837        53.33
        3.50     0.982812      4472837        58.18
        3.52     0.984375      4482176        64.00
        3.52     0.985156      4482176        67.37
        3.52     0.985938      4482176        71.11
        3.54     0.986719      4488099        75.29
        3.55     0.987500      4492093        80.00
        3.55     0.988281      4492093        85.33
        3.57     0.989062      4495546        91.43
        3.60     0.989844      4498971        98.46
        3.65     0.990625      4503213       106.67
        3.85     0.991406      4505953       116.36
        4.29     0.992188      4509839       128.00
        4.38     0.992578      4511624       134.74
        4.48     0.992969      4513861       142.22
        4.51     0.993359      4515281       150.59
        4.61     0.993750      4516787       160.00
        4.74     0.994141      4518727       170.67
        5.05     0.994531      4520149       182.86
        5.76     0.994922      4521920       196.92
        6.50     0.995313      4523700       213.33
        7.17     0.995703      4525517       232.73
        8.00     0.996094      4527291       256.00
        8.57     0.996289      4528213       269.47
        9.09     0.996484      4529045       284.44
        9.66     0.996680      4529969       301.18
       10.24     0.996875      4530905       320.00
       10.75     0.997070      4531742       341.33
       11.33     0.997266      4532664       365.71
       11.84     0.997461      4533498       393.85
       12.41     0.997656      4534425       426.67
       12.93     0.997852      4535275       465.45
       13.44     0.998047      4536132       512.00
       13.76     0.998145      4536640       538.95
       14.02     0.998242      4537079       568.89
       14.27     0.998340      4537521       602.35
       14.53     0.998437      4537945       640.00
       14.78     0.998535      4538371       682.67
       15.04     0.998633      4538812       731.43
       15.29     0.998730      4539240       787.69
       15.55     0.998828      4539693       853.33
       15.87     0.998926      4540205       930.91
       16.13     0.999023      4540613      1024.00
       16.25     0.999072      4540837      1077.89
       16.38     0.999121      4541040      1137.78
       16.64     0.999170      4541443      1204.71
       16.77     0.999219      4541611      1280.00
       16.89     0.999268      4541790      1365.33
       17.02     0.999316      4541985      1462.86
       17.15     0.999365      4542163      1575.38
       17.28     0.999414      4542352      1706.67
       17.54     0.999463      4542659      1861.82
       17.66     0.999512      4542840      2048.00
       17.79     0.999536      4542967      2155.79
       17.92     0.999561      4543094      2275.56
       18.05     0.999585      4543207      2409.41
       18.18     0.999609      4543290      2560.00
       18.30     0.999634      4543398      2730.67
       18.43     0.999658      4543465      2925.71
       18.69     0.999683      4543585      3150.77
       18.94     0.999707      4543675      3413.33
       19.45     0.999731      4543801      3723.64
       20.09     0.999756      4543903      4096.00
       20.48     0.999768      4543954      4311.58
       20.99     0.999780      4544014      4551.11
       21.50     0.999792      4544058      4818.82
       22.14     0.999805      4544120      5120.00
       22.78     0.999817      4544174      5461.33
       23.42     0.999829      4544224      5851.43
       24.19     0.999841      4544289      6301.54
       24.83     0.999854      4544336      6826.67
       25.60     0.999866      4544399      7447.27
       26.24     0.999878      4544448      8192.00
       26.62     0.999884      4544480      8623.16
       27.01     0.999890      4544515      9102.22
       27.26     0.999896      4544532      9637.65
       27.65     0.999902      4544567     10240.00
       27.90     0.999908      4544588     10922.67
       28.29     0.999915      4544619     11702.86
       28.67     0.999921      4544649     12603.08
       29.05     0.999927      4544676     13653.33
       29.44     0.999933      4544709     14894.55
       29.70     0.999939      4544725     16384.00
       29.95     0.999942      4544740     17246.32
       30.08     0.999945      4544753     18204.44
       30.34     0.999948      4544775     19275.29
       30.46     0.999951      4544783     20480.00
       30.59     0.999954      4544792     21845.33
       30.85     0.999957      4544813     23405.71
       30.98     0.999960      4544820     25206.15
       31.23     0.999963      4544836     27306.67
       31.49     0.999966      4544856     29789.09
       31.74     0.999969      4544872     32768.00
       31.74     0.999971      4544872     34492.63
       31.87     0.999973      4544878     36408.89
       32.00     0.999974      4544885     38550.59
       32.13     0.999976      4544890     40960.00
       32.26     0.999977      4544899     43690.67
       32.38     0.999979      4544906     46811.43
       32.51     0.999980      4544911     50412.31
       32.77     0.999982      4544922     54613.33
       33.02     0.999983      4544936     59578.18
       33.02     0.999985      4544936     65536.00
       33.02     0.999986      4544936     68985.26
       33.28     0.999986      4544946     72817.78
       33.28     0.999987      4544946     77101.18
       33.28     0.999988      4544946     81920.00
       33.53     0.999989      4544954     87381.33
       33.53     0.999989      4544954     93622.86
       33.79     0.999990      4544963    100824.62
       33.79     0.999991      4544963    109226.67
       33.79     0.999992      4544963    119156.36
       34.05     0.999992      4544969    131072.00
       34.05     0.999993      4544969    137970.53
       34.05     0.999993      4544969    145635.56
       34.30     0.999994      4544972    154202.35
       34.56     0.999994      4544976    163840.00
       34.56     0.999994      4544976    174762.67
       34.56     0.999995      4544976    187245.71
       34.81     0.999995      4544979    201649.23
       35.07     0.999995      4544985    218453.33
       35.07     0.999996      4544985    238312.73
       35.07     0.999996      4544985    262144.00
       35.07     0.999996      4544985    275941.05
       35.07     0.999997      4544985    291271.11
       35.33     0.999997      4544989    308404.71
       35.33     0.999997      4544989    327680.00
       35.33     0.999997      4544989    349525.33
       35.33     0.999997      4544989    374491.43
       35.33     0.999998      4544989    403298.46
       35.58     0.999998      4544991    436906.67
       35.58     0.999998      4544991    476625.45
       35.84     0.999998      4544993    524288.00
       35.84     0.999998      4544993    551882.11
       35.84     0.999998      4544993    582542.22
       35.84     0.999998      4544993    616809.41
       36.09     0.999998      4544994    655360.00
       36.09     0.999999      4544994    699050.67
       36.09     0.999999      4544994    748982.86
       36.35     0.999999      4544995    806596.92
       36.35     0.999999      4544995    873813.33
      205.82     0.999999      4544997    953250.91
      205.82     0.999999      4544997   1048576.00
      205.82     0.999999      4544997   1103764.21
      205.82     0.999999      4544997   1165084.44
      205.82     0.999999      4544997   1233618.82
      205.82     0.999999      4544997   1310720.00
      205.82     0.999999      4544997   1398101.33
      205.82     0.999999      4544997   1497965.71
      207.87     0.999999      4544999   1613193.85
      207.87     0.999999      4544999   1747626.67
      207.87     0.999999      4544999   1906501.82
      207.87     1.000000      4544999   2097152.00
      207.87     1.000000      4544999   2207528.42
      207.87     1.000000      4544999   2330168.89
      207.87     1.000000      4544999   2467237.65
      207.87     1.000000      4544999   2621440.00
      207.87     1.000000      4544999   2796202.67
      207.87     1.000000      4544999   2995931.43
      207.87     1.000000      4544999   3226387.69
      207.87     1.000000      4544999   3495253.33
      207.87     1.000000      4544999   3813003.64
      207.87     1.000000      4544999   4194304.00
      207.87     1.000000      4544999   4415056.84
      210.94     1.000000      4545000   4660337.78
      210.94     1.000000      4545000          inf
#[Mean    =        2.980, StdDeviation   =        0.842]
#[Max     =      210.943, Total count    =      4545000]
#[Buckets =           10, SubBuckets     =          256]
