       Value   Percentile   TotalCount 1/(1-Percentile)

        0.06     0.000000            2         1.00
        2.80     0.050000       247674         1.05
        2.81     0.100000       563418         1.11
        2.83     0.150000      1086983         1.18
        2.83     0.200000      1086983         1.25
        2.85     0.250000      1779739         1.33
        2.85     0.300000      1779739         1.43
        2.85     0.350000      1779739         1.54
        2.86     0.400000      2548887         1.67
        2.86     0.450000      2548887         1.82
        2.86     0.500000      2548887         2.00
        2.86     0.525000      2548887         2.11
        2.86     0.550000      2548887         2.22
        2.88     0.575000      3243449         2.35
        2.88     0.600000      3243449         2.50
        2.88     0.625000      3243449         2.67
        2.88     0.650000      3243449         2.86
        2.88     0.675000      3243449         3.08
        2.88     0.700000      3243449         3.33
        2.90     0.725000      3735886         3.64
        2.90     0.750000      3735886         4.00
        2.90     0.762500      3735886         4.21
        2.90     0.775000      3735886         4.44
        2.90     0.787500      3735886         4.71
        2.90     0.800000      3735886         5.00
        2.90     0.812500      3735886         5.33
        2.91     0.825000      4021013         5.71
        2.91     0.837500      4021013         6.15
        2.91     0.850000      4021013         6.67
        2.91     0.862500      4021013         7.27
        2.91     0.875000      4021013         8.00
        2.91     0.881250      4021013         8.42
        2.93     0.887500      4164096         8.89
        2.93     0.893750      4164096         9.41
        2.93     0.900000      4164096        10.00
        2.93     0.906250      4164096        10.67
        2.93     0.912500      4164096        11.43
        2.94     0.918750      4239251        12.31
        2.94     0.925000      4239251        13.33
        2.94     0.931250      4239251        14.55
        2.96     0.937500      4279930        16.00
        2.96     0.940625      4279930        16.84
        2.98     0.943750      4297552        17.78
        2.99     0.946875      4304881        18.82
        3.07     0.950000      4317794        20.00
        3.46     0.953125      4333402        21.33
        3.49     0.956250      4352074        22.86
        3.50     0.959375      4382489        24.62
        3.50     0.962500      4382489        26.67
        3.52     0.965625      4415973        29.09
        3.52     0.968750      4415973        32.00
        3.52     0.970313      4415973        33.68
        3.54     0.971875      4447523        35.56
        3.54     0.973437      4447523        37.65
        3.54     0.975000      4447523        40.00
        3.54     0.976562      4447523        42.67
        3.54     0.978125      4447523        45.71
        3.55     0.979688      4475796        49.23
        3.55     0.981250      4475796        53.33
        3.55     0.982812      4475796        58.18
        3.55     0.984375      4475796        64.00
        3.57     0.985156      4492944        67.37
        3.57     0.985938      4492944        71.11
        3.57     0.986719      4492944        75.29
        3.57     0.987500      4492944        80.00
        3.57     0.988281      4492944        85.33
        3.58     0.989062      4501790        91.43
        3.58     0.989844      4501790        98.46
        3.60     0.990625      4505399       106.67
        3.62     0.991406      4506977       116.36
        3.69     0.992188      4509569       128.00
        3.79     0.992578      4511280       134.74
        4.00     0.992969      4513091       142.22
        4.22     0.993359      4514974       150.59
        4.48     0.993750      4516760       160.00
        4.70     0.994141      4518400       170.67
        5.09     0.994531      4520216       182.86
        5.82     0.994922      4521952       196.92
        6.78     0.995313      4523726       213.33
        7.81     0.995703      4525506       232.73
        8.83     0.996094      4527272       256.00
        9.34     0.996289      4528157       269.47
        9.86     0.996484      4529039       284.44
       10.43     0.996680      4529998       301.18
       10.94     0.996875      4530894       320.00
       11.46     0.997070      4531771       341.33
       11.90     0.997266      4532672       365.71
       12.35     0.997461      4533546       393.85
       12.80     0.997656      4534411       426.67
       13.25     0.997852      4535262       465.45
       13.70     0.998047      4536155       512.00
       13.89     0.998145      4536624       538.95
       14.14     0.998242      4537098       568.89
       14.40     0.998340      4537518       602.35
       14.65     0.998437      4537966       640.00
       14.91     0.998535      4538386       682.67
       15.17     0.998633      4538848       731.43
       15.42     0.998730      4539277       787.69
       15.68     0.998828      4539699       853.33
       15.94     0.998926      4540124       930.91
       16.25     0.999023      4540640      1024.00
       16.38     0.999072      4540843      1077.89
       16.51     0.999121      4541045      1137.78
       16.64     0.999170      4541244      1204.71
       16.89     0.999219      4541616      1280.00
       17.02     0.999268      4541810      1365.33
       17.15     0.999316      4541989      1462.86
       17.28     0.999365      4542167      1575.38
       17.41     0.999414      4542348      1706.67
       17.66     0.999463      4542648      1861.82
       17.79     0.999512      4542799      2048.00
       17.92     0.999536      4542928      2155.79
       18.05     0.999561      4543036      2275.56
       18.18     0.999585      4543135      2409.41
       18.30     0.999609      4543231      2560.00
       18.56     0.999634      4543380      2730.67
       18.82     0.999658      4543487      2925.71
       19.20     0.999683      4543591      3150.77
       19.71     0.999707      4543678      3413.33
       20.61     0.999731      4543792      3723.64
       21.50     0.999756      4543898      4096.00
       22.02     0.999768      4543948      4311.58
       22.66     0.999780      4544017      4551.11
       23.17     0.999792      4544073      4818.82
       23.68     0.999805      4544127      5120.00
       24.06     0.999817      4544169      5461.33
       24.57     0.999829      4544233      5851.43
       25.09     0.999841      4544287      6301.54
       25.60     0.999854      4544342      6826.67
       26.11     0.999866      4544396      7447.27
       26.62     0.999878      4544449      8192.00
       26.88     0.999884      4544482      8623.16
       27.14     0.999890      4544505      9102.22
       27.39     0.999896      4544533      9637.65
       27.65     0.999902      4544559     10240.00
       27.90     0.999908      4544584     10922.67
       28.29     0.999915      4544620     11702.86
       28.54     0.999921      4544646     12603.08
       28.93     0.999927      4544681     13653.33
       29.05     0.999933      4544695     14894.55
       29.44     0.999939      4544727     16384.00
       29.70     0.999942      4544749     17246.32
       29.82     0.999945      4544763     18204.44
       29.95     0.999948      4544774     19275.29
       30.08     0.999951      4544783     20480.00
       30.21     0.999954      4544793     21845.33
       30.46     0.999957      4544814     23405.71
       30.59     0.999960      4544830     25206.15
       30.72     0.999963      4544842     27306.67
       30.85     0.999966      4544849     29789.09
       31.10     0.999969      4544868     32768.00
       31.23     0.999971      4544879     34492.63
       31.23     0.999973      4544879     36408.89
       31.36     0.999974      4544884     38550.59
       31.49     0.999976      4544891     40960.00
       31.61     0.999977      4544903     43690.67
       31.61     0.999979      4544903     46811.43
       31.74     0.999980      4544911     50412.31
       31.87     0.999982      4544917     54613.33
       32.00     0.999983      4544924     59578.18
       32.13     0.999985      4544932     65536.00
       32.26     0.999986      4544936     68985.26
       32.38     0.999986      4544940     72817.78
       32.51     0.999987      4544944     77101.18
       32.64     0.999988      4544950     81920.00
       32.64     0.999989      4544950     87381.33
       32.77     0.999989      4544956     93622.86
       32.77     0.999990      4544956    100824.62
       33.02     0.999991      4544961    109226.67
       33.28     0.999992      4544964    119156.36
       33.53     0.999992      4544970    131072.00
       33.53     0.999993      4544970    137970.53
       33.53     0.999993      4544970    145635.56
       33.79     0.999994      4544975    154202.35
       33.79     0.999994      4544975    163840.00
       33.79     0.999994      4544975    174762.67
       34.05     0.999995      4544977    187245.71
       34.30     0.999995      4544982    201649.23
       34.30     0.999995      4544982    218453.33
       34.30     0.999996      4544982    238312.73
       34.81     0.999996      4544985    262144.00
       34.81     0.999996      4544985    275941.05
       34.81     0.999997      4544985    291271.11
       35.07     0.999997      4544986    308404.71
       35.33     0.999997      4544987    327680.00
       35.33     0.999997      4544987    349525.33
       35.58     0.999997      4544988    374491.43
       36.09     0.999998      4544989    403298.46
       36.61     0.999998      4544991    436906.67
       36.61     0.999998      4544991    476625.45
      208.90     0.999998      4544994    524288.00
      208.90     0.999998      4544994    551882.11
      208.90     0.999998      4544994    582542.22
      208.90     0.999998      4544994    616809.41
      208.90     0.999998      4544994    655360.00
      208.90     0.999999      4544994    699050.67
      208.90     0.999999      4544994    748982.86
      209.92     0.999999      4544997    806596.92
      209.92     0.999999      4544997    873813.33
      209.92     0.999999      4544997    953250.91
      209.92     0.999999      4544997   1048576.00
      209.92     0.999999      4544997   1103764.21
      209.92     0.999999      4544997   1165084.44
      209.92     0.999999      4544997   1233618.82
      209.92     0.999999      4544997   1310720.00
      209.92     0.999999      4544997   1398101.33
      209.92     0.999999      4544997   1497965.71
      212.99     0.999999      4545000   1613193.85
      212.99     1.000000      4545000          inf
#[Mean    =        2.929, StdDeviation   =        0.855]
#[Max     =      212.991, Total count    =      4545000]
#[Buckets =           10, SubBuckets     =          256]
