       Value   Percentile   TotalCount 1/(1-Percentile)

        0.06     0.000000            3         1.00
        2.80     0.050000       273716         1.05
        2.81     0.100000       621366         1.11
        2.83     0.150000      1197335         1.18
        2.83     0.200000      1197335         1.25
        2.85     0.250000      1959452         1.33
        2.85     0.300000      1959452         1.43
        2.85     0.350000      1959452         1.54
        2.86     0.400000      2805173         1.67
        2.86     0.450000      2805173         1.82
        2.86     0.500000      2805173         2.00
        2.86     0.525000      2805173         2.11
        2.86     0.550000      2805173         2.22
        2.88     0.575000      3569258         2.35
        2.88     0.600000      3569258         2.50
        2.88     0.625000      3569258         2.67
        2.88     0.650000      3569258         2.86
        2.88     0.675000      3569258         3.08
        2.88     0.700000      3569258         3.33
        2.90     0.725000      4110430         3.64
        2.90     0.750000      4110430         4.00
        2.90     0.762500      4110430         4.21
        2.90     0.775000      4110430         4.44
        2.90     0.787500      4110430         4.71
        2.90     0.800000      4110430         5.00
        2.90     0.812500      4110430         5.33
        2.91     0.825000      4423997         5.71
        2.91     0.837500      4423997         6.15
        2.91     0.850000      4423997         6.67
        2.91     0.862500      4423997         7.27
        2.91     0.875000      4423997         8.00
        2.91     0.881250      4423997         8.42
        2.93     0.887500      4581175         8.89
        2.93     0.893750      4581175         9.41
        2.93     0.900000      4581175        10.00
        2.93     0.906250      4581175        10.67
        2.93     0.912500      4581175        11.43
        2.94     0.918750      4663738        12.31
        2.94     0.925000      4663738        13.33
        2.94     0.931250      4663738        14.55
        2.96     0.937500      4708575        16.00
        2.96     0.940625      4708575        16.84
        2.98     0.943750      4728109        17.78
        2.99     0.946875      4736231        18.82
        3.07     0.950000      4750557        20.00
        3.46     0.953125      4767839        21.33
        3.49     0.956250      4788702        22.86
        3.50     0.959375      4822491        24.62
        3.50     0.962500      4822491        26.67
        3.52     0.965625      4859864        29.09
        3.52     0.968750      4859864        32.00
        3.52     0.970313      4859864        33.68
        3.52     0.971875      4859864        35.56
        3.54     0.973437      4895058        37.65
        3.54     0.975000      4895058        40.00
        3.54     0.976562      4895058        42.67
        3.54     0.978125      4895058        45.71
        3.55     0.979688      4925923        49.23
        3.55     0.981250      4925923        53.33
        3.55     0.982812      4925923        58.18
        3.55     0.984375      4925923        64.00
        3.55     0.985156      4925923        67.37
        3.57     0.985938      4944137        71.11
        3.57     0.986719      4944137        75.29
        3.57     0.987500      4944137        80.00
        3.57     0.988281      4944137        85.33
        3.58     0.989062      4953394        91.43
        3.58     0.989844      4953394        98.46
        3.58     0.990625      4953394       106.67
        3.60     0.991406      4957034       116.36
        3.69     0.992188      4961347       128.00
        3.77     0.992578      4962974       134.74
        3.92     0.992969      4964850       142.22
        4.13     0.993359      4966916       150.59
        4.42     0.993750      4968985       160.00
        4.64     0.994141      4970772       170.67
        4.99     0.994531      4972676       182.86
        5.66     0.994922      4974636       196.92
        6.56     0.995313      4976570       213.33
        7.58     0.995703      4978537       232.73
        8.64     0.996094      4980511       256.00
        9.15     0.996289      4981493       269.47
        9.66     0.996484      4982454       284.44
       10.24     0.996680      4983531       301.18
       10.75     0.996875      4984451       320.00
       11.26     0.997070      4985453       341.33
       11.71     0.997266      4986398       365.71
       12.16     0.997461      4987326       393.85
       12.67     0.997656      4988393       426.67
       13.12     0.997852      4989293       465.45
       13.57     0.998047      4990245       512.00
       13.82     0.998145      4990859       538.95
       14.02     0.998242      4991287       568.89
       14.27     0.998340      4991745       602.35
       14.53     0.998437      4992210       640.00
       14.78     0.998535      4992683       682.67
       15.10     0.998633      4993269       731.43
       15.36     0.998730      4993736       787.69
       15.62     0.998828      4994185       853.33
       15.87     0.998926      4994666       930.91
       16.13     0.999023      4995120      1024.00
       16.32     0.999072      4995431      1077.89
       16.51     0.999121      4995758      1137.78
       16.64     0.999170      4995974      1204.71
       16.77     0.999219      4996182      1280.00
       16.89     0.999268      4996376      1365.33
       17.02     0.999316      4996589      1462.86
       17.28     0.999365      4996979      1575.38
       17.41     0.999414      4997170      1706.67
       17.54     0.999463      4997338      1861.82
       17.79     0.999512      4997655      2048.00
       17.92     0.999536      4997793      2155.79
       18.05     0.999561      4997907      2275.56
       18.18     0.999585      4998010      2409.41
       18.30     0.999609      4998114      2560.00
       18.43     0.999634      4998189      2730.67
       18.69     0.999658      4998328      2925.71
       18.94     0.999683      4998428      3150.77
       19.45     0.999707      4998550      3413.33
       20.22     0.999731      4998665      3723.64
       21.25     0.999756      4998789      4096.00
       21.63     0.999768      4998843      4311.58
       22.27     0.999780      4998912      4551.11
       22.78     0.999792      4998969      4818.82
       23.30     0.999805      4999033      5120.00
       23.81     0.999817      4999099      5461.33
       24.32     0.999829      4999155      5851.43
       24.83     0.999841      4999216      6301.54
       25.34     0.999854      4999282      6826.67
       25.86     0.999866      4999341      7447.27
       26.37     0.999878      4999396      8192.00
       26.75     0.999884      4999434      8623.16
       26.88     0.999890      4999455      9102.22
       27.26     0.999896      4999493      9637.65
       27.52     0.999902      4999522     10240.00
       27.77     0.999908      4999549     10922.67
       28.03     0.999915      4999579     11702.86
       28.41     0.999921      4999613     12603.08
       28.67     0.999927      4999640     13653.33
       29.05     0.999933      4999677     14894.55
       29.31     0.999939      4999703     16384.00
       29.44     0.999942      4999713     17246.32
       29.70     0.999945      4999736     18204.44
       29.82     0.999948      4999752     19275.29
       29.95     0.999951      4999763     20480.00
       30.08     0.999954      4999775     21845.33
       30.34     0.999957      4999795     23405.71
       30.46     0.999960      4999807     25206.15
       30.59     0.999963      4999823     27306.67
       30.72     0.999966      4999835     29789.09
       30.98     0.999969      4999849     32768.00
       31.10     0.999971      4999861     34492.63
       31.23     0.999973      4999873     36408.89
       31.23     0.999974      4999873     38550.59
       31.36     0.999976      4999878     40960.00
       31.49     0.999977      4999886     43690.67
       31.61     0.999979      4999899     46811.43
       31.74     0.999980      4999907     50412.31
       31.87     0.999982      4999913     54613.33
       32.00     0.999983      4999920     59578.18
       32.13     0.999985      4999928     65536.00
       32.13     0.999986      4999928     68985.26
       32.26     0.999986      4999933     72817.78
       32.38     0.999987      4999938     77101.18
       32.51     0.999988      4999942     81920.00
       32.64     0.999989      4999949     87381.33
       32.64     0.999989      4999949     93622.86
       32.77     0.999990      4999955    100824.62
       32.77     0.999991      4999955    109226.67
       33.02     0.999992      4999960    119156.36
       33.28     0.999992      4999964    131072.00
       33.28     0.999993      4999964    137970.53
       33.53     0.999993      4999970    145635.56
       33.53     0.999994      4999970    154202.35
       33.53     0.999994      4999970    163840.00
       33.79     0.999994      4999975    174762.67
       33.79     0.999995      4999975    187245.71
       34.05     0.999995      4999977    201649.23
       34.30     0.999995      4999982    218453.33
       34.30     0.999996      4999982    238312.73
       34.30     0.999996      4999982    262144.00
       34.30     0.999996      4999982    275941.05
       34.81     0.999997      4999985    291271.11
       34.81     0.999997      4999985    308404.71
       34.81     0.999997      4999985    327680.00
       35.07     0.999997      4999986    349525.33
       35.33     0.999997      4999987    374491.43
       35.58     0.999998      4999988    403298.46
       36.09     0.999998      4999989    436906.67
       36.61     0.999998      4999991    476625.45
       36.61     0.999998      4999991    524288.00
       36.61     0.999998      4999991    551882.11
      208.90     0.999998      4999994    582542.22
      208.90     0.999998      4999994    616809.41
      208.90     0.999998      4999994    655360.00
      208.90     0.999999      4999994    699050.67
      208.90     0.999999      4999994    748982.86
      208.90     0.999999      4999994    806596.92
      209.92     0.999999      4999997    873813.33
      209.92     0.999999      4999997    953250.91
      209.92     0.999999      4999997   1048576.00
      209.92     0.999999      4999997   1103764.21
      209.92     0.999999      4999997   1165084.44
      209.92     0.999999      4999997   1233618.82
      209.92     0.999999      4999997   1310720.00
      209.92     0.999999      4999997   1398101.33
      209.92     0.999999      4999997   1497965.71
      209.92     0.999999      4999997   1613193.85
      212.99     0.999999      5000000   1747626.67
      212.99     1.000000      5000000          inf
#[Mean    =        2.927, StdDeviation   =        0.842]
#[Max     =      212.991, Total count    =      5000000]
#[Buckets =           10, SubBuckets     =          256]
