       Value   Percentile   TotalCount 1/(1-Percentile)

        0.06     0.000000            1         1.00
        2.80     0.050000        26042         1.05
        2.81     0.100000        57948         1.11
        2.83     0.150000       110352         1.18
        2.83     0.200000       110352         1.25
        2.85     0.250000       179713         1.33
        2.85     0.300000       179713         1.43
        2.85     0.350000       179713         1.54
        2.86     0.400000       256286         1.67
        2.86     0.450000       256286         1.82
        2.86     0.500000       256286         2.00
        2.86     0.525000       256286         2.11
        2.86     0.550000       256286         2.22
        2.88     0.575000       325809         2.35
        2.88     0.600000       325809         2.50
        2.88     0.625000       325809         2.67
        2.88     0.650000       325809         2.86
        2.88     0.675000       325809         3.08
        2.88     0.700000       325809         3.33
        2.90     0.725000       374544         3.64
        2.90     0.750000       374544         4.00
        2.90     0.762500       374544         4.21
        2.90     0.775000       374544         4.44
        2.90     0.787500       374544         4.71
        2.90     0.800000       374544         5.00
        2.90     0.812500       374544         5.33
        2.91     0.825000       402984         5.71
        2.91     0.837500       402984         6.15
        2.91     0.850000       402984         6.67
        2.91     0.862500       402984         7.27
        2.91     0.875000       402984         8.00
        2.91     0.881250       402984         8.42
        2.93     0.887500       417079         8.89
        2.93     0.893750       417079         9.41
        2.93     0.900000       417079        10.00
        2.93     0.906250       417079        10.67
        2.93     0.912500       417079        11.43
        2.94     0.918750       424487        12.31
        2.94     0.925000       424487        13.33
        2.94     0.931250       424487        14.55
        2.96     0.937500       428645        16.00
        2.96     0.940625       428645        16.84
        2.98     0.943750       430557        17.78
        2.99     0.946875       431350        18.82
        3.04     0.950000       432472        20.00
        3.29     0.953125       433706        21.33
        3.49     0.956250       436628        22.86
        3.49     0.959375       436628        24.62
        3.50     0.962500       440002        26.67
        3.50     0.965625       440002        29.09
        3.52     0.968750       443891        32.00
        3.52     0.970313       443891        33.68
        3.52     0.971875       443891        35.56
        3.52     0.973437       443891        37.65
        3.52     0.975000       443891        40.00
        3.54     0.976562       447535        42.67
        3.54     0.978125       447535        45.71
        3.54     0.979688       447535        49.23
        3.54     0.981250       447535        53.33
        3.54     0.982812       447535        58.18
        3.55     0.984375       450127        64.00
        3.55     0.985156       450127        67.37
        3.55     0.985938       450127        71.11
        3.55     0.986719       450127        75.29
        3.55     0.987500       450127        80.00
        3.55     0.988281       450127        85.33
        3.55     0.989062       450127        91.43
        3.57     0.989844       451193        98.46
        3.57     0.990625       451193       106.67
        3.57     0.991406       451193       116.36
        3.58     0.992188       451604       128.00
        3.60     0.992578       451635       134.74
        3.71     0.992969       451830       142.22
        3.85     0.993359       452014       150.59
        3.89     0.993750       452208       160.00
        3.98     0.994141       452335       170.67
        4.09     0.994531       452520       182.86
        4.51     0.994922       452694       196.92
        4.93     0.995313       452871       213.33
        5.60     0.995703       453047       232.73
        6.56     0.996094       453228       256.00
        7.07     0.996289       453312       269.47
        7.58     0.996484       453405       284.44
        7.97     0.996680       453494       301.18
        8.57     0.996875       453586       320.00
        9.15     0.997070       453672       341.33
        9.73     0.997266       453759       365.71
       10.30     0.997461       453849       393.85
       10.88     0.997656       453943       426.67
       11.46     0.997852       454035       465.45
       11.90     0.998047       454113       512.00
       12.22     0.998145       454161       538.95
       12.61     0.998242       454212       568.89
       12.93     0.998340       454257       602.35
       13.18     0.998437       454291       640.00
       13.44     0.998535       454335       682.67
       13.76     0.998633       454378       731.43
       14.14     0.998730       454427       787.69
       14.46     0.998828       454467       853.33
       14.85     0.998926       454516       930.91
       15.23     0.999023       454562      1024.00
       15.42     0.999072       454583      1077.89
       15.62     0.999121       454603      1137.78
       15.74     0.999170       454623      1204.71
       16.00     0.999219       454653      1280.00
       16.19     0.999268       454670      1365.33
       16.38     0.999316       454698      1462.86
       16.51     0.999365       454713      1575.38
       16.77     0.999414       454746      1706.67
       16.89     0.999463       454760      1861.82
       17.02     0.999512       454779      2048.00
       17.15     0.999536       454794      2155.79
       17.28     0.999561       454812      2275.56
       17.28     0.999585       454812      2409.41
       17.54     0.999609       454839      2560.00
       17.54     0.999634       454839      2730.67
       17.66     0.999658       454848      2925.71
       17.79     0.999683       454856      3150.77
       18.05     0.999707       454871      3413.33
       18.30     0.999731       454883      3723.64
       18.56     0.999756       454890      4096.00
       18.82     0.999768       454895      4311.58
       19.07     0.999780       454902      4551.11
       19.33     0.999792       454906      4818.82
       19.97     0.999805       454914      5120.00
       20.22     0.999817       454917      5461.33
       20.86     0.999829       454923      5851.43
       21.38     0.999841       454928      6301.54
       21.89     0.999854       454934      6826.67
       22.27     0.999866       454939      7447.27
       22.78     0.999878       454945      8192.00
       23.42     0.999884       454948      8623.16
       23.81     0.999890       454952      9102.22
       23.93     0.999896       454953      9637.65
       24.45     0.999902       454956     10240.00
       24.70     0.999908       454959     10922.67
       25.09     0.999915       454963     11702.86
       25.21     0.999921       454964     12603.08
       25.86     0.999927       454967     13653.33
       26.50     0.999933       454971     14894.55
       26.88     0.999939       454973     16384.00
       27.14     0.999942       454975     17246.32
       27.26     0.999945       454976     18204.44
       27.52     0.999948       454977     19275.29
       27.77     0.999951       454978     20480.00
       28.67     0.999954       454980     21845.33
       28.80     0.999957       454982     23405.71
       28.80     0.999960       454982     25206.15
       29.31     0.999963       454984     27306.67
       29.44     0.999966       454986     29789.09
       29.57     0.999969       454987     32768.00
       29.57     0.999971       454987     34492.63
       29.82     0.999973       454989     36408.89
       29.82     0.999974       454989     38550.59
       29.82     0.999976       454989     40960.00
       30.08     0.999977       454992     43690.67
       30.08     0.999979       454992     46811.43
       30.08     0.999980       454992     50412.31
       30.08     0.999982       454992     54613.33
       30.46     0.999983       454993     59578.18
       31.23     0.999985       454994     65536.00
       31.23     0.999986       454994     68985.26
       31.23     0.999986       454994     72817.78
       31.49     0.999987       454995     77101.18
       31.49     0.999988       454995     81920.00
       31.49     0.999989       454995     87381.33
       31.61     0.999989       454996     93622.86
       31.61     0.999990       454996    100824.62
       31.61     0.999991       454996    109226.67
       32.26     0.999992       454997    119156.36
       32.26     0.999992       454997    131072.00
       32.26     0.999993       454997    137970.53
       32.26     0.999993       454997    145635.56
       32.38     0.999994       454998    154202.35
       32.38     0.999994       454998    163840.00
       32.38     0.999994       454998    174762.67
       32.38     0.999995       454998    187245.71
       32.38     0.999995       454998    201649.23
       32.38     0.999995       454998    218453.33
       32.64     0.999996       454999    238312.73
       32.64     0.999996       454999    262144.00
       32.64     0.999996       454999    275941.05
       32.64     0.999997       454999    291271.11
       32.64     0.999997       454999    308404.71
       32.64     0.999997       454999    327680.00
       32.64     0.999997       454999    349525.33
       32.64     0.999997       454999    374491.43
       32.64     0.999998       454999    403298.46
       32.64     0.999998       454999    436906.67
       33.28     0.999998       455000    476625.45
       33.28     1.000000       455000          inf
#[Mean    =        2.915, StdDeviation   =        0.697]
#[Max     =       33.279, Total count    =       455000]
#[Buckets =           10, SubBuckets     =          256]
