Value Percentile TotalCount 1/(1-Percentile)

0.21 0.000000 1 1.00
1.36 0.050000 258785 1.05
1.43 0.100000 505033 1.11
1.47 0.150000 766485 1.18
1.52 0.200000 1018012 1.25
1.60 0.250000 1272880 1.33
1.72 0.300000 1506369 1.43
1.77 0.350000 1777846 1.54
1.81 0.400000 2033752 1.67
1.85 0.450000 2280792 1.82
1.91 0.500000 2527139 2.00
1.94 0.525000 2637543 2.11
1.96 0.550000 2752944 2.22
2.00 0.575000 2883486 2.35
2.14 0.600000 3009714 2.50
2.27 0.625000 3130759 2.67
2.38 0.650000 3256597 2.86
2.46 0.675000 3386358 3.08
2.53 0.700000 3503504 3.33
2.61 0.725000 3649743 3.64
2.69 0.750000 3768828 4.00
2.73 0.762500 3830355 4.21
2.78 0.775000 3884329 4.44
2.83 0.787500 3941518 4.71
2.88 0.800000 4021086 5.00
2.91 0.812500 4083522 5.33
2.94 0.825000 4138803 5.71
2.99 0.837500 4201506 6.15
3.04 0.850000 4250398 6.67
3.13 0.862500 4319594 7.27
3.31 0.875000 4376958 8.00
3.39 0.881250 4411263 8.42
3.46 0.887500 4445570 8.89
3.49 0.893750 4470446 9.41
3.52 0.900000 4506438 10.00
3.55 0.906250 4553980 10.67
3.57 0.912500 4579211 11.43
3.58 0.918750 4603655 12.31
3.60 0.925000 4627230 13.33
3.63 0.931250 4669468 14.55
3.65 0.937500 4688771 16.00
3.66 0.940625 4707710 16.84
3.68 0.943750 4727174 17.78
3.69 0.946875 4747251 18.82
3.71 0.950000 4767700 20.00
3.71 0.953125 4767700 21.33
3.73 0.956250 4788185 22.86
3.74 0.959375 4807861 24.62
3.76 0.962500 4825034 26.67
3.77 0.965625 4839461 29.09
3.79 0.968750 4851365 32.00
3.81 0.970313 4860780 33.68
3.81 0.971875 4860780 35.56
3.82 0.973437 4868611 37.65
3.84 0.975000 4875367 40.00
3.87 0.976562 4886326 42.67
3.89 0.978125 4891047 45.71
3.92 0.979688 4899372 49.23
3.97 0.981250 4909242 53.33
4.00 0.982812 4914674 58.18
4.06 0.984375 4922688 64.00
4.13 0.985156 4928428 67.37
4.16 0.985938 4931141 71.11
4.19 0.986719 4933655 75.29
4.25 0.987500 4937775 80.00
4.35 0.988281 4943038 85.33
4.42 0.989062 4945990 91.43
4.51 0.989844 4950195 98.46
4.61 0.990625 4953477 106.67
4.74 0.991406 4957304 116.36
4.89 0.992188 4961029 128.00
4.99 0.992578 4963117 134.74
5.09 0.992969 4964907 142.22
5.21 0.993359 4966951 150.59
5.38 0.993750 4969015 160.00
5.57 0.994141 4970797 170.67
5.82 0.994531 4972952 182.86
6.08 0.994922 4974626 196.92
6.56 0.995313 4976654 213.33
7.07 0.995703 4978520 232.73
7.68 0.996094 4980498 256.00
7.97 0.996289 4981449 269.47
8.32 0.996484 4982551 284.44
8.64 0.996680 4983463 301.18
8.96 0.996875 4984481 320.00
9.34 0.997070 4985378 341.33
9.86 0.997266 4986380 365.71
10.43 0.997461 4987342 393.85
11.07 0.997656 4988320 426.67
11.71 0.997852 4989281 465.45
12.29 0.998047 4990240 512.00
12.67 0.998145 4990799 538.95
12.99 0.998242 4991262 568.89
13.31 0.998340 4991707 602.35
13.70 0.998437 4992193 640.00
14.14 0.998535 4992748 682.67
14.53 0.998633 4993192 731.43
14.91 0.998730 4993653 787.69
15.42 0.998828 4994165 853.33
16.00 0.998926 4994655 930.91
16.64 0.999023 4995161 1024.00
17.02 0.999072 4995424 1077.89
17.41 0.999121 4995693 1137.78
17.66 0.999170 4995854 1204.71
18.05 0.999219 4996105 1280.00
18.56 0.999268 4996416 1365.33
18.82 0.999316 4996587 1462.86
19.33 0.999365 4996900 1575.38
19.71 0.999414 4997101 1706.67
20.22 0.999463 4997341 1861.82
20.73 0.999512 4997579 2048.00
20.99 0.999536 4997697 2155.79
21.25 0.999561 4997808 2275.56
21.50 0.999585 4997935 2409.41
21.89 0.999609 4998115 2560.00
22.02 0.999634 4998177 2730.67
22.40 0.999658 4998342 2925.71
22.66 0.999683 4998444 3150.77
22.91 0.999707 4998536 3413.33
23.30 0.999731 4998672 3723.64
23.68 0.999756 4998801 4096.00
23.81 0.999768 4998851 4311.58
24.06 0.999780 4998949 4551.11
24.19 0.999792 4999000 4818.82
24.32 0.999805 4999035 5120.00
24.57 0.999817 4999112 5461.33
24.83 0.999829 4999201 5851.43
24.96 0.999841 4999243 6301.54
25.09 0.999854 4999270 6826.67
25.47 0.999866 4999360 7447.27
25.60 0.999878 4999398 8192.00
25.73 0.999884 4999421 8623.16
25.86 0.999890 4999458 9102.22
25.98 0.999896 4999499 9637.65
26.11 0.999902 4999521 10240.00
26.37 0.999908 4999555 10922.67
26.50 0.999915 4999585 11702.86
26.75 0.999921 4999621 12603.08
26.88 0.999927 4999651 13653.33
27.14 0.999933 4999677 14894.55
27.39 0.999939 4999708 16384.00
27.52 0.999942 4999727 17246.32
27.52 0.999945 4999727 18204.44
27.77 0.999948 4999750 19275.29
27.90 0.999951 4999764 20480.00
28.03 0.999954 4999772 21845.33
28.29 0.999957 4999795 23405.71
28.54 0.999960 4999809 25206.15
28.80 0.999963 4999819 27306.67
29.05 0.999966 4999833 29789.09
29.31 0.999969 4999848 32768.00
29.57 0.999971 4999857 34492.63
29.82 0.999973 4999866 36408.89
30.08 0.999974 4999876 38550.59
30.21 0.999976 4999878 40960.00
30.59 0.999977 4999891 43690.67
30.85 0.999979 4999894 46811.43
31.23 0.999980 4999902 50412.31
31.61 0.999982 4999909 54613.33
32.13 0.999983 4999919 59578.18
32.51 0.999985 4999925 65536.00
32.77 0.999986 4999929 68985.26
33.02 0.999986 4999933 72817.78
33.28 0.999987 4999937 77101.18
33.53 0.999988 4999943 81920.00
33.53 0.999989 4999943 87381.33
33.79 0.999989 4999948 93622.86
34.05 0.999990 4999951 100824.62
35.07 0.999991 4999955 109226.67
41.98 0.999992 4999967 119156.36
41.98 0.999992 4999967 131072.00
41.98 0.999993 4999967 137970.53
41.98 0.999993 4999967 145635.56
42.75 0.999994 4999969 154202.35
43.01 0.999994 4999972 163840.00
43.01 0.999994 4999972 174762.67
43.52 0.999995 4999974 187245.71
44.03 0.999995 4999981 201649.23
44.03 0.999995 4999981 218453.33
44.03 0.999996 4999981 238312.73
44.03 0.999996 4999981 262144.00
44.29 0.999996 4999994 275941.05
44.29 0.999997 4999994 291271.11
44.29 0.999997 4999994 308404.71
44.29 0.999997 4999994 327680.00
44.29 0.999997 4999994 349525.33
44.29 0.999997 4999994 374491.43
44.29 0.999998 4999994 403298.46
44.29 0.999998 4999994 436906.67
44.29 0.999998 4999994 476625.45
44.29 0.999998 4999994 524288.00
44.29 0.999998 4999994 551882.11
44.29 0.999998 4999994 582542.22
44.29 0.999998 4999994 616809.41
44.29 0.999998 4999994 655360.00
44.29 0.999999 4999994 699050.67
44.29 0.999999 4999994 748982.86
44.29 0.999999 4999994 806596.92
44.54 0.999999 5000000 873813.33
44.54 1.000000 5000000 inf
