       Value   Percentile   TotalCount 1/(1-Percentile)

        0.06     0.000000            1         1.00
        2.78     0.050000       452395         1.05
        2.80     0.100000       915507         1.11
        2.80     0.150000       915507         1.18
        2.81     0.200000      1617369         1.25
        2.81     0.250000      1617369         1.33
        2.81     0.300000      1617369         1.43
        2.83     0.350000      2379810         1.54
        2.83     0.400000      2379810         1.67
        2.83     0.450000      2379810         1.82
        2.85     0.500000      3073753         2.00
        2.85     0.525000      3073753         2.11
        2.85     0.550000      3073753         2.22
        2.85     0.575000      3073753         2.35
        2.85     0.600000      3073753         2.50
        2.86     0.625000      3577176         2.67
        2.86     0.650000      3577176         2.86
        2.86     0.675000      3577176         3.08
        2.86     0.700000      3577176         3.33
        2.88     0.725000      3891949         3.64
        2.88     0.750000      3891949         4.00
        2.88     0.762500      3891949         4.21
        2.88     0.775000      3891949         4.44
        2.90     0.787500      4119135         4.71
        2.90     0.800000      4119135         5.00
        2.90     0.812500      4119135         5.33
        2.91     0.825000      4308122         5.71
        2.91     0.837500      4308122         6.15
        2.91     0.850000      4308122         6.67
        2.93     0.862500      4436188         7.27
        2.93     0.875000      4436188         8.00
        2.93     0.881250      4436188         8.42
        2.94     0.887500      4498002         8.89
        2.94     0.893750      4498002         9.41
        2.96     0.900000      4529245        10.00
        2.98     0.906250      4541663        10.67
        3.29     0.912500      4563057        11.43
        3.46     0.918750      4601323        12.31
        3.47     0.925000      4664760        13.33
        3.47     0.931250      4664760        14.55
        3.49     0.937500      4744784        16.00
        3.49     0.940625      4744784        16.84
        3.49     0.943750      4744784        17.78
        3.49     0.946875      4744784        18.82
        3.50     0.950000      4816637        20.00
        3.50     0.953125      4816637        21.33
        3.50     0.956250      4816637        22.86
        3.50     0.959375      4816637        24.62
        3.50     0.962500      4816637        26.67
        3.52     0.965625      4878090        29.09
        3.52     0.968750      4878090        32.00
        3.52     0.970313      4878090        33.68
        3.52     0.971875      4878090        35.56
        3.52     0.973437      4878090        37.65
        3.52     0.975000      4878090        40.00
        3.54     0.976562      4917557        42.67
        3.54     0.978125      4917557        45.71
        3.54     0.979688      4917557        49.23
        3.54     0.981250      4917557        53.33
        3.54     0.982812      4917557        58.18
        3.55     0.984375      4931296        64.00
        3.55     0.985156      4931296        67.37
        3.55     0.985938      4931296        71.11
        3.57     0.986719      4936989        75.29
        3.58     0.987500      4940560        80.00
        3.60     0.988281      4944298        85.33
        3.62     0.989062      4947243        91.43
        3.63     0.989844      4949786        98.46
        3.66     0.990625      4954319       106.67
        3.69     0.991406      4958116       116.36
        3.74     0.992188      4961865       128.00
        3.76     0.992578      4963214       134.74
        3.79     0.992969      4964900       142.22
        3.87     0.993359      4966935       150.59
        4.22     0.993750      4968841       160.00
        4.77     0.994141      4970889       170.67
        5.18     0.994531      4972810       182.86
        5.82     0.994922      4974664       196.92
        6.78     0.995313      4976570       213.33
        7.78     0.995703      4978530       232.73
        8.83     0.996094      4980493       256.00
        9.34     0.996289      4981470       269.47
        9.86     0.996484      4982465       284.44
       10.30     0.996680      4983472       301.18
       10.75     0.996875      4984413       320.00
       11.26     0.997070      4985405       341.33
       11.71     0.997266      4986331       365.71
       12.35     0.997461      4987381       393.85
       12.93     0.997656      4988297       426.67
       13.50     0.997852      4989268       465.45
       14.08     0.998047      4990270       512.00
       14.40     0.998145      4990815       538.95
       14.65     0.998242      4991244       568.89
       14.97     0.998340      4991786       602.35
       15.23     0.998437      4992241       640.00
       15.49     0.998535      4992687       682.67
       15.81     0.998633      4993242       731.43
       16.13     0.998730      4993751       787.69
       16.51     0.998828      4994344       853.33
       16.77     0.998926      4994727       930.91
       17.15     0.999023      4995290      1024.00
       17.28     0.999072      4995499      1077.89
       17.41     0.999121      4995660      1137.78
       17.66     0.999170      4996015      1204.71
       17.79     0.999219      4996159      1280.00
       18.05     0.999268      4996427      1365.33
       18.30     0.999316      4996641      1462.86
       18.69     0.999365      4996872      1575.38
       19.20     0.999414      4997079      1706.67
       20.09     0.999463      4997315      1861.82
       21.25     0.999512      4997569      2048.00
       21.89     0.999536      4997702      2155.79
       22.40     0.999561      4997804      2275.56
       23.04     0.999585      4997932      2409.41
       23.68     0.999609      4998055      2560.00
       24.32     0.999634      4998187      2730.67
       24.83     0.999658      4998296      2925.71
       25.47     0.999683      4998434      3150.77
       26.11     0.999707      4998558      3413.33
       26.62     0.999731      4998668      3723.64
       27.26     0.999756      4998805      4096.00
       27.52     0.999768      4998850      4311.58
       27.77     0.999780      4998906      4551.11
       28.16     0.999792      4998981      4818.82
       28.41     0.999805      4999040      5120.00
       28.67     0.999817      4999095      5461.33
       28.93     0.999829      4999152      5851.43
       29.18     0.999841      4999207      6301.54
       29.57     0.999854      4999290      6826.67
       29.82     0.999866      4999348      7447.27
       30.08     0.999878      4999403      8192.00
       30.21     0.999884      4999425      8623.16
       30.34     0.999890      4999451      9102.22
       30.59     0.999896      4999506      9637.65
       30.72     0.999902      4999528     10240.00
       30.85     0.999908      4999556     10922.67
       31.10     0.999915      4999592     11702.86
       31.23     0.999921      4999616     12603.08
       31.36     0.999927      4999646     13653.33
       31.49     0.999933      4999671     14894.55
       31.74     0.999939      4999706     16384.00
       31.87     0.999942      4999727     17246.32
       31.87     0.999945      4999727     18204.44
       32.00     0.999948      4999751     19275.29
       32.13     0.999951      4999770     20480.00
       32.26     0.999954      4999785     21845.33
       32.38     0.999957      4999795     23405.71
       32.51     0.999960      4999815     25206.15
       32.64     0.999963      4999831     27306.67
       32.77     0.999966      4999844     29789.09
       33.02     0.999969      4999870     32768.00
       33.02     0.999971      4999870     34492.63
       33.02     0.999973      4999870     36408.89
       33.28     0.999974      4999896     38550.59
       33.28     0.999976      4999896     40960.00
       33.28     0.999977      4999896     43690.67
       33.28     0.999979      4999896     46811.43
       33.53     0.999980      4999917     50412.31
       33.53     0.999982      4999917     54613.33
       33.53     0.999983      4999917     59578.18
       33.79     0.999985      4999935     65536.00
       33.79     0.999986      4999935     68985.26
       33.79     0.999986      4999935     72817.78
       34.05     0.999987      4999950     77101.18
       34.05     0.999988      4999950     81920.00
       34.05     0.999989      4999950     87381.33
       34.05     0.999989      4999950     93622.86
       34.30     0.999990      4999960    100824.62
       34.30     0.999991      4999960    109226.67
       34.30     0.999992      4999960    119156.36
       34.56     0.999992      4999970    131072.00
       34.56     0.999993      4999970    137970.53
       34.56     0.999993      4999970    145635.56
       34.56     0.999994      4999970    154202.35
       34.56     0.999994      4999970    163840.00
       34.81     0.999994      4999975    174762.67
       34.81     0.999995      4999975    187245.71
       35.07     0.999995      4999980    201649.23
       35.07     0.999995      4999980    218453.33
       35.07     0.999996      4999980    238312.73
       35.33     0.999996      4999982    262144.00
       35.33     0.999996      4999982    275941.05
       35.58     0.999997      4999986    291271.11
       35.58     0.999997      4999986    308404.71
       35.58     0.999997      4999986    327680.00
       35.58     0.999997      4999986    349525.33
       36.09     0.999997      4999988    374491.43
       36.09     0.999998      4999988    403298.46
       36.35     0.999998      4999990    436906.67
       36.35     0.999998      4999990    476625.45
       36.61     0.999998      4999991    524288.00
       36.61     0.999998      4999991    551882.11
       36.86     0.999998      4999992    582542.22
       36.86     0.999998      4999992    616809.41
       37.12     0.999998      4999993    655360.00
       37.12     0.999999      4999993    699050.67
      210.94     0.999999      5000000    748982.86
      210.94     1.000000      5000000          inf
#[Mean    =        2.931, StdDeviation   =        0.923]
#[Max     =      210.943, Total count    =      5000000]
#[Buckets =           10, SubBuckets     =          256]
