       Value   Percentile   TotalCount 1/(1-Percentile)

        0.06     0.000000            8         1.00
        2.78     0.050000       410915         1.05
        2.80     0.100000       831656         1.11
        2.80     0.150000       831656         1.18
        2.81     0.200000      1470530         1.25
        2.81     0.250000      1470530         1.33
        2.81     0.300000      1470530         1.43
        2.83     0.350000      2163406         1.54
        2.83     0.400000      2163406         1.67
        2.83     0.450000      2163406         1.82
        2.85     0.500000      2795213         2.00
        2.85     0.525000      2795213         2.11
        2.85     0.550000      2795213         2.22
        2.85     0.575000      2795213         2.35
        2.85     0.600000      2795213         2.50
        2.86     0.625000      3252764         2.67
        2.86     0.650000      3252764         2.86
        2.86     0.675000      3252764         3.08
        2.86     0.700000      3252764         3.33
        2.88     0.725000      3539246         3.64
        2.88     0.750000      3539246         4.00
        2.88     0.762500      3539246         4.21
        2.88     0.775000      3539246         4.44
        2.90     0.787500      3745781         4.71
        2.90     0.800000      3745781         5.00
        2.90     0.812500      3745781         5.33
        2.91     0.825000      3917574         5.71
        2.91     0.837500      3917574         6.15
        2.91     0.850000      3917574         6.67
        2.93     0.862500      4033304         7.27
        2.93     0.875000      4033304         8.00
        2.93     0.881250      4033304         8.42
        2.94     0.887500      4089320         8.89
        2.94     0.893750      4089320         9.41
        2.96     0.900000      4117533        10.00
        2.98     0.906250      4128744        10.67
        3.28     0.912500      4147469        11.43
        3.46     0.918750      4182721        12.31
        3.47     0.925000      4240213        13.33
        3.47     0.931250      4240213        14.55
        3.49     0.937500      4313025        16.00
        3.49     0.940625      4313025        16.84
        3.49     0.943750      4313025        17.78
        3.49     0.946875      4313025        18.82
        3.50     0.950000      4378532        20.00
        3.50     0.953125      4378532        21.33
        3.50     0.956250      4378532        22.86
        3.50     0.959375      4378532        24.62
        3.50     0.962500      4378532        26.67
        3.52     0.965625      4434353        29.09
        3.52     0.968750      4434353        32.00
        3.52     0.970313      4434353        33.68
        3.52     0.971875      4434353        35.56
        3.52     0.973437      4434353        37.65
        3.52     0.975000      4434353        40.00
        3.54     0.976562      4470205        42.67
        3.54     0.978125      4470205        45.71
        3.54     0.979688      4470205        49.23
        3.54     0.981250      4470205        53.33
        3.54     0.982812      4470205        58.18
        3.55     0.984375      4482760        64.00
        3.55     0.985156      4482760        67.37
        3.55     0.985938      4482760        71.11
        3.57     0.986719      4487957        75.29
        3.58     0.987500      4491235        80.00
        3.60     0.988281      4494563        85.33
        3.62     0.989062      4497261        91.43
        3.63     0.989844      4499639        98.46
        3.66     0.990625      4503755       106.67
        3.69     0.991406      4507043       116.36
        3.74     0.992188      4510407       128.00
        3.76     0.992578      4511640       134.74
        3.79     0.992969      4513177       142.22
        3.85     0.993359      4514846       150.59
        4.19     0.993750      4516616       160.00
        4.74     0.994141      4518447       170.67
        5.09     0.994531      4520145       182.86
        5.73     0.994922      4521945       196.92
        6.72     0.995313      4523738       213.33
        7.71     0.995703      4525488       232.73
        8.77     0.996094      4527308       256.00
        9.28     0.996289      4528211       269.47
        9.79     0.996484      4529120       284.44
       10.18     0.996680      4529911       301.18
       10.69     0.996875      4530917       320.00
       11.13     0.997070      4531747       341.33
       11.58     0.997266      4532600       365.71
       12.22     0.997461      4533519       393.85
       12.86     0.997656      4534421       426.67
       13.44     0.997852      4535320       465.45
       14.02     0.998047      4536203       512.00
       14.27     0.998145      4536587       538.95
       14.59     0.998242      4537084       568.89
       14.85     0.998340      4537491       602.35
       15.17     0.998437      4537994       640.00
       15.42     0.998535      4538400       682.67
       15.74     0.998633      4538886       731.43
       16.00     0.998730      4539251       787.69
       16.32     0.998828      4539707       853.33
       16.64     0.998926      4540159       930.91
       17.02     0.999023      4540668      1024.00
       17.15     0.999072      4540834      1077.89
       17.28     0.999121      4541022      1137.78
       17.54     0.999170      4541316      1204.71
       17.66     0.999219      4541491      1280.00
       17.92     0.999268      4541752      1365.33
       18.18     0.999316      4541957      1462.86
       18.43     0.999365      4542129      1575.38
       18.94     0.999414      4542369      1706.67
       19.58     0.999463      4542559      1861.82
       20.73     0.999512      4542803      2048.00
       21.25     0.999536      4542900      2155.79
       21.89     0.999561      4543019      2275.56
       22.53     0.999585      4543138      2409.41
       23.17     0.999609      4543242      2560.00
       23.81     0.999634      4543351      2730.67
       24.45     0.999658      4543460      2925.71
       25.09     0.999683      4543574      3150.77
       25.73     0.999707      4543685      3413.33
       26.37     0.999731      4543789      3723.64
       27.01     0.999756      4543909      4096.00
       27.26     0.999768      4543969      4311.58
       27.52     0.999780      4544007      4551.11
       27.90     0.999792      4544081      4818.82
       28.16     0.999805      4544118      5120.00
       28.41     0.999817      4544170      5461.33
       28.80     0.999829      4544238      5851.43
       29.05     0.999841      4544281      6301.54
       29.31     0.999854      4544337      6826.67
       29.70     0.999866      4544403      7447.27
       29.95     0.999878      4544458      8192.00
       30.08     0.999884      4544477      8623.16
       30.34     0.999890      4544519      9102.22
       30.46     0.999896      4544540      9637.65
       30.59     0.999902      4544566     10240.00
       30.72     0.999908      4544584     10922.67
       30.98     0.999915      4544623     11702.86
       31.10     0.999921      4544642     12603.08
       31.36     0.999927      4544686     13653.33
       31.49     0.999933      4544710     14894.55
       31.74     0.999939      4544741     16384.00
       31.74     0.999942      4544741     17246.32
       31.87     0.999945      4544760     18204.44
       32.00     0.999948      4544779     19275.29
       32.00     0.999951      4544779     20480.00
       32.13     0.999954      4544798     21845.33
       32.26     0.999957      4544810     23405.71
       32.51     0.999960      4544838     25206.15
       32.51     0.999963      4544838     27306.67
       32.64     0.999966      4544852     29789.09
       32.77     0.999969      4544863     32768.00
       33.02     0.999971      4544887     34492.63
       33.02     0.999973      4544887     36408.89
       33.02     0.999974      4544887     38550.59
       33.28     0.999976      4544910     40960.00
       33.28     0.999977      4544910     43690.67
       33.28     0.999979      4544910     46811.43
       33.28     0.999980      4544910     50412.31
       33.53     0.999982      4544929     54613.33
       33.53     0.999983      4544929     59578.18
       33.79     0.999985      4544944     65536.00
       33.79     0.999986      4544944     68985.26
       33.79     0.999986      4544944     72817.78
       33.79     0.999987      4544944     77101.18
       34.05     0.999988      4544956     81920.00
       34.05     0.999989      4544956     87381.33
       34.05     0.999989      4544956     93622.86
       34.05     0.999990      4544956    100824.62
       34.30     0.999991      4544964    109226.67
       34.30     0.999992      4544964    119156.36
       34.56     0.999992      4544972    131072.00
       34.56     0.999993      4544972    137970.53
       34.56     0.999993      4544972    145635.56
       34.56     0.999994      4544972    154202.35
       34.81     0.999994      4544975    163840.00
       34.81     0.999994      4544975    174762.67
       35.07     0.999995      4544980    187245.71
       35.07     0.999995      4544980    201649.23
       35.07     0.999995      4544980    218453.33
       35.33     0.999996      4544982    238312.73
       35.58     0.999996      4544986    262144.00
       35.58     0.999996      4544986    275941.05
       35.58     0.999997      4544986    291271.11
       35.58     0.999997      4544986    308404.71
       36.09     0.999997      4544988    327680.00
       36.09     0.999997      4544988    349525.33
       36.09     0.999997      4544988    374491.43
       36.35     0.999998      4544990    403298.46
       36.35     0.999998      4544990    436906.67
       36.61     0.999998      4544991    476625.45
       36.86     0.999998      4544992    524288.00
       36.86     0.999998      4544992    551882.11
       37.12     0.999998      4544993    582542.22
       37.12     0.999998      4544993    616809.41
      210.94     0.999998      4545000    655360.00
      210.94     1.000000      4545000          inf
#[Mean    =        2.930, StdDeviation   =        0.918]
#[Max     =      210.943, Total count    =      4545000]
#[Buckets =           10, SubBuckets     =          256]
