       Value   Percentile   TotalCount 1/(1-Percentile)

        0.06     0.000000            1         1.00
        2.78     0.050000        41480         1.05
        2.80     0.100000        83851         1.11
        2.80     0.150000        83851         1.18
        2.81     0.200000       146839         1.25
        2.81     0.250000       146839         1.33
        2.81     0.300000       146839         1.43
        2.83     0.350000       216404         1.54
        2.83     0.400000       216404         1.67
        2.83     0.450000       216404         1.82
        2.85     0.500000       278540         2.00
        2.85     0.525000       278540         2.11
        2.85     0.550000       278540         2.22
        2.85     0.575000       278540         2.35
        2.85     0.600000       278540         2.50
        2.86     0.625000       324412         2.67
        2.86     0.650000       324412         2.86
        2.86     0.675000       324412         3.08
        2.86     0.700000       324412         3.33
        2.88     0.725000       352703         3.64
        2.88     0.750000       352703         4.00
        2.88     0.762500       352703         4.21
        2.88     0.775000       352703         4.44
        2.90     0.787500       373354         4.71
        2.90     0.800000       373354         5.00
        2.90     0.812500       373354         5.33
        2.91     0.825000       390548         5.71
        2.91     0.837500       390548         6.15
        2.91     0.850000       390548         6.67
        2.93     0.862500       402884         7.27
        2.93     0.875000       402884         8.00
        2.93     0.881250       402884         8.42
        2.94     0.887500       408682         8.89
        2.94     0.893750       408682         9.41
        2.96     0.900000       411712        10.00
        2.98     0.906250       412919        10.67
        3.33     0.912500       415224        11.43
        3.46     0.918750       418602        12.31
        3.47     0.925000       424547        13.33
        3.47     0.931250       424547        14.55
        3.49     0.937500       431759        16.00
        3.49     0.940625       431759        16.84
        3.49     0.943750       431759        17.78
        3.49     0.946875       431759        18.82
        3.50     0.950000       438105        20.00
        3.50     0.953125       438105        21.33
        3.50     0.956250       438105        22.86
        3.50     0.959375       438105        24.62
        3.50     0.962500       438105        26.67
        3.52     0.965625       443737        29.09
        3.52     0.968750       443737        32.00
        3.52     0.970313       443737        33.68
        3.52     0.971875       443737        35.56
        3.52     0.973437       443737        37.65
        3.52     0.975000       443737        40.00
        3.54     0.976562       447352        42.67
        3.54     0.978125       447352        45.71
        3.54     0.979688       447352        49.23
        3.54     0.981250       447352        53.33
        3.54     0.982812       447352        58.18
        3.55     0.984375       448536        64.00
        3.55     0.985156       448536        67.37
        3.57     0.985938       449032        71.11
        3.57     0.986719       449032        75.29
        3.58     0.987500       449325        80.00
        3.60     0.988281       449735        85.33
        3.63     0.989062       450147        91.43
        3.66     0.989844       450564        98.46
        3.68     0.990625       450827       106.67
        3.71     0.991406       451237       116.36
        3.74     0.992188       451458       128.00
        3.77     0.992578       451624       134.74
        3.81     0.992969       451810       142.22
        3.94     0.993359       451993       150.59
        4.42     0.993750       452160       160.00
        5.21     0.994141       452336       170.67
        5.82     0.994531       452517       182.86
        6.59     0.994922       452690       196.92
        7.42     0.995313       452869       213.33
        8.64     0.995703       453053       232.73
        9.79     0.996094       453226       256.00
       10.37     0.996289       453315       269.47
       10.88     0.996484       453406       284.44
       11.46     0.996680       453498       301.18
       11.97     0.996875       453584       320.00
       12.41     0.997070       453670       341.33
       12.86     0.997266       453762       365.71
       13.38     0.997461       453848       393.85
       13.95     0.997656       453934       426.67
       14.46     0.997852       454026       465.45
       14.97     0.998047       454112       512.00
       15.29     0.998145       454157       538.95
       15.55     0.998242       454206       568.89
       15.74     0.998340       454248       602.35
       16.06     0.998437       454295       640.00
       16.38     0.998535       454342       682.67
       16.64     0.998633       454382       731.43
       17.02     0.998730       454440       787.69
       17.28     0.998828       454477       853.33
       17.66     0.998926       454524       930.91
       18.05     0.999023       454564      1024.00
       18.30     0.999072       454589      1077.89
       18.69     0.999121       454606      1137.78
       19.07     0.999170       454623      1204.71
       20.09     0.999219       454645      1280.00
       21.25     0.999268       454669      1365.33
       22.27     0.999316       454692      1462.86
       23.17     0.999365       454716      1575.38
       23.81     0.999414       454736      1706.67
       24.70     0.999463       454757      1861.82
       25.34     0.999512       454778      2048.00
       25.86     0.999536       454790      2155.79
       26.11     0.999561       454802      2275.56
       26.50     0.999585       454816      2409.41
       26.88     0.999609       454825      2560.00
       27.26     0.999634       454836      2730.67
       27.65     0.999658       454847      2925.71
       27.90     0.999683       454859      3150.77
       28.29     0.999707       454868      3413.33
       28.67     0.999731       454879      3723.64
       28.93     0.999756       454890      4096.00
       29.05     0.999768       454896      4311.58
       29.31     0.999780       454905      4551.11
       29.44     0.999792       454907      4818.82
       29.70     0.999805       454912      5120.00
       29.82     0.999817       454920      5461.33
       29.95     0.999829       454925      5851.43
       30.34     0.999841       454932      6301.54
       30.46     0.999854       454934      6826.67
       30.59     0.999866       454940      7447.27
       30.85     0.999878       454949      8192.00
       30.85     0.999884       454949      8623.16
       31.23     0.999890       454953      9102.22
       31.23     0.999896       454953      9637.65
       31.36     0.999902       454960     10240.00
       31.36     0.999908       454960     10922.67
       31.74     0.999915       454965     11702.86
       31.74     0.999921       454965     12603.08
       31.87     0.999927       454967     13653.33
       32.00     0.999933       454972     14894.55
       32.26     0.999939       454975     16384.00
       32.26     0.999942       454975     17246.32
       32.38     0.999945       454976     18204.44
       32.51     0.999948       454977     19275.29
       32.64     0.999951       454979     20480.00
       32.77     0.999954       454981     21845.33
       32.77     0.999957       454981     23405.71
       33.02     0.999960       454983     25206.15
       33.28     0.999963       454986     27306.67
       33.28     0.999966       454986     29789.09
       33.53     0.999969       454988     32768.00
       33.53     0.999971       454988     34492.63
       33.53     0.999973       454988     36408.89
       33.79     0.999974       454991     38550.59
       33.79     0.999976       454991     40960.00
       33.79     0.999977       454991     43690.67
       33.79     0.999979       454991     46811.43
       33.79     0.999980       454991     50412.31
       34.05     0.999982       454994     54613.33
       34.05     0.999983       454994     59578.18
       34.05     0.999985       454994     65536.00
       34.05     0.999986       454994     68985.26
       34.05     0.999986       454994     72817.78
       34.30     0.999987       454996     77101.18
       34.30     0.999988       454996     81920.00
       34.30     0.999989       454996     87381.33
       34.30     0.999989       454996     93622.86
       34.30     0.999990       454996    100824.62
       34.30     0.999991       454996    109226.67
       34.56     0.999992       454998    119156.36
       34.56     0.999992       454998    131072.00
       34.56     0.999993       454998    137970.53
       34.56     0.999993       454998    145635.56
       34.56     0.999994       454998    154202.35
       34.56     0.999994       454998    163840.00
       34.56     0.999994       454998    174762.67
       34.56     0.999995       454998    187245.71
       34.56     0.999995       454998    201649.23
       34.56     0.999995       454998    218453.33
       34.81     0.999996       455000    238312.73
       34.81     1.000000       455000          inf
#[Mean    =        2.938, StdDeviation   =        0.980]
#[Max     =       34.815, Total count    =       455000]
#[Buckets =           10, SubBuckets     =          256]
