       Value   Percentile   TotalCount 1/(1-Percentile)

        0.06     0.000000            1         1.00
        1.41     0.050000        97119         1.05
        1.44     0.100000       205733         1.11
        1.46     0.150000       302231         1.18
        1.47     0.200000       430361         1.25
        1.48     0.250000       504788         1.33
        1.49     0.300000       584222         1.43
        1.50     0.350000       665011         1.54
        1.50     0.400000       745631         1.67
        1.51     0.450000       823129         1.82
        1.53     0.500000       962342         2.00
        1.53     0.525000       962342         2.11
        1.53     0.550000      1021573         2.22
        1.54     0.575000      1072766         2.35
        1.55     0.600000      1117627         2.50
        1.56     0.625000      1155820         2.67
        1.57     0.650000      1188520         2.86
        1.58     0.675000      1239906         3.08
        1.60     0.700000      1277697         3.33
        1.63     0.725000      1321816         3.64
        1.80     0.750000      1363848         4.00
        1.87     0.762500      1386744         4.21
        1.92     0.775000      1414052         4.44
        1.94     0.787500      1431748         4.71
        1.98     0.800000      1459248         5.00
        2.00     0.812500      1482489         5.33
        2.02     0.825000      1507522         5.71
        2.04     0.837500      1525078         6.15
        2.06     0.850000      1552174         6.67
        2.08     0.862500      1570597         7.27
        2.11     0.875000      1606519         8.00
        2.11     0.881250      1606519         8.42
        2.13     0.887500      1623442         8.89
        2.14     0.893750      1638984         9.41
        2.14     0.900000      1638984        10.00
        2.16     0.906250      1653019        10.67
        2.17     0.912500      1665363        11.43
        2.19     0.918750      1675989        12.31
        2.21     0.925000      1685079        13.33
        2.24     0.931250      1699450        14.55
        2.25     0.937500      1705024        16.00
        2.29     0.940625      1713226        16.84
        2.30     0.943750      1716100        17.78
        2.35     0.946875      1721652        18.82
        2.59     0.950000      1727172        20.00
        2.69     0.953125      1733928        21.33
        2.72     0.956250      1739733        22.86
        2.75     0.959375      1747783        24.62
        2.77     0.962500      1752499        26.67
        2.78     0.965625      1757595        29.09
        2.80     0.968750      1763027        32.00
        2.81     0.970313      1768537        33.68
        2.81     0.971875      1768537        35.56
        2.83     0.973437      1773952        37.65
        2.83     0.975000      1773952        40.00
        2.85     0.976562      1779262        42.67
        2.85     0.978125      1779262        45.71
        2.86     0.979688      1784329        49.23
        2.86     0.981250      1784329        53.33
        2.88     0.982812      1788978        58.18
        2.90     0.984375      1793348        64.00
        2.90     0.985156      1793348        67.37
        2.90     0.985938      1793348        71.11
        2.91     0.986719      1797072        75.29
        2.91     0.987500      1797072        80.00
        2.91     0.988281      1797072        85.33
        2.93     0.989062      1800324        91.43
        2.93     0.989844      1800324        98.46
        2.94     0.990625      1803152       106.67
        2.94     0.991406      1803152       116.36
        2.96     0.992188      1805490       128.00
        2.96     0.992578      1805490       134.74
        2.96     0.992969      1805490       142.22
        2.98     0.993359      1807421       150.59
        2.98     0.993750      1807421       160.00
        2.98     0.994141      1807421       170.67
        2.99     0.994531      1808973       182.86
        2.99     0.994922      1808973       196.92
        3.01     0.995313      1810156       213.33
        3.02     0.995703      1811040       232.73
        3.02     0.996094      1811040       256.00
        3.04     0.996289      1811688       269.47
        3.04     0.996484      1811688       284.44
        3.06     0.996680      1812199       301.18
        3.07     0.996875      1812559       320.00
        3.09     0.997070      1812820       341.33
        3.12     0.997266      1813166       365.71
        3.17     0.997461      1813401       393.85
        3.33     0.997656      1813759       426.67
        3.50     0.997852      1814099       465.45
        3.69     0.998047      1814476       512.00
        3.81     0.998145      1814638       538.95
        3.94     0.998242      1814814       568.89
        4.08     0.998340      1814983       602.35
        4.25     0.998437      1815194       640.00
        4.38     0.998535      1815355       682.67
        4.54     0.998633      1815552       731.43
        4.67     0.998730      1815702       787.69
        4.83     0.998828      1815901       853.33
        4.96     0.998926      1816055       930.91
        5.12     0.999023      1816239      1024.00
        5.18     0.999072      1816336      1077.89
        5.25     0.999121      1816420      1137.78
        5.31     0.999170      1816497      1204.71
        5.41     0.999219      1816606      1280.00
        5.50     0.999268      1816701      1365.33
        5.57     0.999316      1816766      1462.86
        5.66     0.999365      1816874      1575.38
        5.73     0.999414      1816939      1706.67
        5.82     0.999463      1817042      1861.82
        5.92     0.999512      1817152      2048.00
        5.95     0.999536      1817173      2155.79
        5.98     0.999561      1817203      2275.56
        6.05     0.999585      1817272      2409.41
        6.08     0.999609      1817299      2560.00
        6.14     0.999634      1817358      2730.67
        6.17     0.999658      1817387      2925.71
        6.24     0.999683      1817438      3150.77
        6.27     0.999707      1817470      3413.33
        6.33     0.999731      1817512      3723.64
        6.40     0.999756      1817568      4096.00
        6.43     0.999768      1817586      4311.58
        6.50     0.999780      1817630      4551.11
        6.50     0.999792      1817630      4818.82
        6.53     0.999805      1817656      5120.00
        6.59     0.999817      1817676      5461.33
        6.62     0.999829      1817697      5851.43
        6.66     0.999841      1817718      6301.54
        6.69     0.999854      1817734      6826.67
        6.75     0.999866      1817758      7447.27
        6.82     0.999878      1817787      8192.00
        6.85     0.999884      1817796      8623.16
        6.88     0.999890      1817804      9102.22
        6.91     0.999896      1817812      9637.65
        6.94     0.999902      1817825     10240.00
        6.97     0.999908      1817842     10922.67
        7.01     0.999915      1817851     11702.86
        7.07     0.999921      1817861     12603.08
        7.10     0.999927      1817871     13653.33
        7.13     0.999933      1817879     14894.55
        7.20     0.999939      1817892     16384.00
        7.23     0.999942      1817903     17246.32
        7.23     0.999945      1817903     18204.44
        7.26     0.999948      1817906     19275.29
        7.33     0.999951      1817914     20480.00
        7.36     0.999954      1817919     21845.33
        7.39     0.999957      1817929     23405.71
        7.39     0.999960      1817929     25206.15
        7.46     0.999963      1817937     27306.67
        7.49     0.999966      1817940     29789.09
        7.52     0.999969      1817947     32768.00
        7.55     0.999971      1817953     34492.63
        7.55     0.999973      1817953     36408.89
        7.55     0.999974      1817953     38550.59
        7.58     0.999976      1817956     40960.00
        7.62     0.999977      1817960     43690.67
        7.65     0.999979      1817967     46811.43
        7.65     0.999980      1817967     50412.31
        7.65     0.999982      1817967     54613.33
        7.71     0.999983      1817975     59578.18
        7.71     0.999985      1817975     65536.00
        7.71     0.999986      1817975     68985.26
        7.74     0.999986      1817977     72817.78
        7.74     0.999987      1817977     77101.18
        7.78     0.999988      1817978     81920.00
        7.81     0.999989      1817980     87381.33
        7.84     0.999989      1817983     93622.86
        7.84     0.999990      1817983    100824.62
        7.87     0.999991      1817988    109226.67
        7.87     0.999992      1817988    119156.36
        7.87     0.999992      1817988    131072.00
        7.87     0.999993      1817988    137970.53
        7.87     0.999993      1817988    145635.56
        7.90     0.999994      1817989    154202.35
        7.90     0.999994      1817989    163840.00
        7.97     0.999994      1817991    174762.67
        7.97     0.999995      1817991    187245.71
        7.97     0.999995      1817991    201649.23
        8.10     0.999995      1817993    218453.33
        8.10     0.999996      1817993    238312.73
        8.13     0.999996      1817994    262144.00
        8.13     0.999996      1817994    275941.05
        8.13     0.999997      1817994    291271.11
        8.32     0.999997      1817997    308404.71
        8.32     0.999997      1817997    327680.00
        8.32     0.999997      1817997    349525.33
        8.32     0.999997      1817997    374491.43
        8.32     0.999998      1817997    403298.46
        8.32     0.999998      1817997    436906.67
        8.32     0.999998      1817997    476625.45
        8.32     0.999998      1817997    524288.00
        8.32     0.999998      1817997    551882.11
        8.32     0.999998      1817997    582542.22
        8.45     0.999998      1817999    616809.41
        8.45     0.999998      1817999    655360.00
        8.45     0.999999      1817999    699050.67
        8.45     0.999999      1817999    748982.86
        8.45     0.999999      1817999    806596.92
        8.45     0.999999      1817999    873813.33
        8.45     0.999999      1817999    953250.91
        8.45     0.999999      1817999   1048576.00
        8.45     0.999999      1817999   1103764.21
        8.45     0.999999      1817999   1165084.44
        8.45     0.999999      1817999   1233618.82
        8.45     0.999999      1817999   1310720.00
        8.45     0.999999      1817999   1398101.33
        8.45     0.999999      1817999   1497965.71
        8.45     0.999999      1817999   1613193.85
        8.45     0.999999      1817999   1747626.67
        8.83     0.999999      1818000   1906501.82
        8.83     1.000000      1818000          inf
#[Mean    =        1.672, StdDeviation   =        0.405]
#[Max     =        8.831, Total count    =      1818000]
#[Buckets =           10, SubBuckets     =          256]
