       Value   Percentile   TotalCount 1/(1-Percentile)

        0.09     0.000000            1         1.00
        1.41     0.050000         9694         1.05
        1.44     0.100000        20047         1.11
        1.46     0.150000        29430         1.18
        1.47     0.200000        42274         1.25
        1.48     0.250000        49671         1.33
        1.49     0.300000        57608         1.43
        1.50     0.350000        65691         1.54
        1.50     0.400000        73642         1.67
        1.52     0.450000        88918         1.82
        1.53     0.500000        95678         2.00
        1.53     0.525000        95678         2.11
        1.53     0.550000       101561         2.22
        1.54     0.575000       106681         2.35
        1.55     0.600000       111224         2.50
        1.56     0.625000       115156         2.67
        1.57     0.650000       118498         2.86
        1.58     0.675000       123704         3.08
        1.60     0.700000       127485         3.33
        1.63     0.725000       131974         3.64
        1.81     0.750000       136565         4.00
        1.88     0.762500       138875         4.21
        1.92     0.775000       141156         4.44
        1.95     0.787500       143498         4.71
        1.98     0.800000       146316         5.00
        2.01     0.812500       148627         5.33
        2.02     0.825000       150289         5.71
        2.05     0.837500       152859         6.15
        2.08     0.850000       156408         6.67
        2.10     0.862500       158198         7.27
        2.11     0.875000       160049         8.00
        2.13     0.881250       161787         8.42
        2.13     0.887500       161787         8.89
        2.14     0.893750       163402         9.41
        2.16     0.900000       164843        10.00
        2.17     0.906250       166094        10.67
        2.17     0.912500       166094        11.43
        2.21     0.918750       168148        12.31
        2.22     0.925000       168993        13.33
        2.24     0.931250       169681        14.55
        2.27     0.937500       170720        16.00
        2.30     0.940625       171441        16.84
        2.33     0.943750       171875        17.78
        2.42     0.946875       172388        18.82
        2.67     0.950000       173049        20.00
        2.70     0.953125       173542        21.33
        2.73     0.956250       174199        22.86
        2.75     0.959375       174612        24.62
        2.78     0.962500       175608        26.67
        2.80     0.965625       176145        29.09
        2.81     0.968750       176716        32.00
        2.81     0.970313       176716        33.68
        2.83     0.971875       177281        35.56
        2.83     0.973437       177281        37.65
        2.85     0.975000       177843        40.00
        2.85     0.976562       177843        42.67
        2.86     0.978125       178367        45.71
        2.86     0.979688       178367        49.23
        2.88     0.981250       178834        53.33
        2.90     0.982812       179252        58.18
        2.90     0.984375       179252        64.00
        2.91     0.985156       179639        67.37
        2.91     0.985938       179639        71.11
        2.91     0.986719       179639        75.29
        2.93     0.987500       179963        80.00
        2.93     0.988281       179963        85.33
        2.94     0.989062       180241        91.43
        2.94     0.989844       180241        98.46
        2.96     0.990625       180482       106.67
        2.96     0.991406       180482       116.36
        2.98     0.992188       180675       128.00
        2.98     0.992578       180675       134.74
        2.99     0.992969       180820       142.22
        2.99     0.993359       180820       150.59
        3.01     0.993750       180936       160.00
        3.01     0.994141       180936       170.67
        3.02     0.994531       181053       182.86
        3.04     0.994922       181134       196.92
        3.06     0.995313       181188       213.33
        3.07     0.995703       181234       232.73
        3.12     0.996094       181300       256.00
        3.17     0.996289       181325       269.47
        3.34     0.996484       181362       284.44
        3.57     0.996680       181400       301.18
        3.79     0.996875       181433       320.00
        4.09     0.997070       181469       341.33
        4.42     0.997266       181505       365.71
        4.61     0.997461       181538       393.85
        4.89     0.997656       181577       426.67
        5.02     0.997852       181611       465.45
        5.34     0.998047       181645       512.00
        5.50     0.998145       181663       538.95
        5.66     0.998242       181684       568.89
        5.79     0.998340       181702       602.35
        5.95     0.998437       181718       640.00
        6.08     0.998535       181735       682.67
        6.37     0.998633       181752       731.43
        6.59     0.998730       181769       787.69
        7.20     0.998828       181787       853.33
       29.18     0.998926       181805       930.91
       29.95     0.999023       181827      1024.00
       30.08     0.999072       181834      1077.89
       30.21     0.999121       181845      1137.78
       30.34     0.999170       181856      1204.71
       30.46     0.999219       181868      1280.00
       30.46     0.999268       181868      1365.33
       30.59     0.999316       181882      1462.86
       30.72     0.999365       181896      1575.38
       30.72     0.999414       181896      1706.67
       30.98     0.999463       181909      1861.82
       31.10     0.999512       181918      2048.00
       31.10     0.999536       181918      2155.79
       31.23     0.999561       181930      2275.56
       31.23     0.999585       181930      2409.41
       31.23     0.999609       181930      2560.00
       31.36     0.999634       181941      2730.67
       31.36     0.999658       181941      2925.71
       31.49     0.999683       181950      3150.77
       31.49     0.999707       181950      3413.33
       31.61     0.999731       181957      3723.64
       31.61     0.999756       181957      4096.00
       31.74     0.999768       181962      4311.58
       31.74     0.999780       181962      4551.11
       31.87     0.999792       181967      4818.82
       31.87     0.999805       181967      5120.00
       31.87     0.999817       181967      5461.33
       32.00     0.999829       181972      5851.43
       32.00     0.999841       181972      6301.54
       32.13     0.999854       181974      6826.67
       32.26     0.999866       181979      7447.27
       32.26     0.999878       181979      8192.00
       32.26     0.999884       181979      8623.16
       32.38     0.999890       181983      9102.22
       32.38     0.999896       181983      9637.65
       32.38     0.999902       181983     10240.00
       32.51     0.999908       181989     10922.67
       32.51     0.999915       181989     11702.86
       32.51     0.999921       181989     12603.08
       32.51     0.999927       181989     13653.33
       32.51     0.999933       181989     14894.55
       32.51     0.999939       181989     16384.00
       32.64     0.999942       181996     17246.32
       32.64     0.999945       181996     18204.44
       32.64     0.999948       181996     19275.29
       32.64     0.999951       181996     20480.00
       32.64     0.999954       181996     21845.33
       32.64     0.999957       181996     23405.71
       32.64     0.999960       181996     25206.15
       32.64     0.999963       181996     27306.67
       32.64     0.999966       181996     29789.09
       32.64     0.999969       181996     32768.00
       32.64     0.999971       181996     34492.63
       32.64     0.999973       181996     36408.89
       32.64     0.999974       181996     38550.59
       32.64     0.999976       181996     40960.00
       32.64     0.999977       181996     43690.67
       32.77     0.999979       181999     46811.43
       32.77     0.999980       181999     50412.31
       32.77     0.999982       181999     54613.33
       32.77     0.999983       181999     59578.18
       32.77     0.999985       181999     65536.00
       32.77     0.999986       181999     68985.26
       32.77     0.999986       181999     72817.78
       32.77     0.999987       181999     77101.18
       32.77     0.999988       181999     81920.00
       32.77     0.999989       181999     87381.33
       32.77     0.999989       181999     93622.86
       32.77     0.999990       181999    100824.62
       32.77     0.999991       181999    109226.67
       32.77     0.999992       181999    119156.36
       32.77     0.999992       181999    131072.00
       32.77     0.999993       181999    137970.53
       32.77     0.999993       181999    145635.56
       32.77     0.999994       181999    154202.35
       32.77     0.999994       181999    163840.00
       32.77     0.999994       181999    174762.67
       33.02     0.999995       182000    187245.71
       33.02     1.000000       182000          inf
#[Mean    =        1.706, StdDeviation   =        1.051]
#[Max     =       33.023, Total count    =       182000]
#[Buckets =           10, SubBuckets     =          256]
