       Value   Percentile   TotalCount 1/(1-Percentile)

        0.23     0.000000            1         1.00
        0.61     0.050000        10147         1.05
        0.65     0.100000        19550         1.11
        0.68     0.150000        29953         1.18
        0.70     0.200000        39028         1.25
        0.73     0.250000        48022         1.33
        0.75     0.300000        56571         1.43
        0.78     0.350000        64235         1.54
        0.81     0.400000        74730         1.67
        0.85     0.450000        82035         1.82
        0.89     0.500000        91514         2.00
        0.91     0.525000        97440         2.11
        0.93     0.550000       100911         2.22
        0.95     0.575000       105192         2.35
        0.98     0.600000       110260         2.50
        1.01     0.625000       114915         2.67
        1.02     0.650000       118891         2.86
        1.04     0.675000       123483         3.08
        1.05     0.700000       128608         3.33
        1.07     0.725000       134182         3.64
        1.08     0.750000       137055         4.00
        1.09     0.762500       139825         4.21
        1.09     0.775000       142747         4.44
        1.10     0.787500       145607         4.71
        1.10     0.800000       145607         5.00
        1.11     0.812500       148409         5.33
        1.12     0.825000       151139         5.71
        1.13     0.837500       153725         6.15
        1.14     0.850000       156165         6.67
        1.14     0.862500       158494         7.27
        1.15     0.875000       160712         8.00
        1.15     0.881250       160712         8.42
        1.16     0.887500       162777         8.89
        1.16     0.893750       162777         9.41
        1.17     0.900000       164671        10.00
        1.18     0.906250       166477        10.67
        1.18     0.912500       166477        11.43
        1.18     0.918750       168105        12.31
        1.19     0.925000       169579        13.33
        1.19     0.931250       169579        14.55
        1.20     0.937500       170944        16.00
        1.21     0.940625       172236        16.84
        1.21     0.943750       172236        17.78
        1.22     0.946875       173388        18.82
        1.22     0.950000       173388        20.00
        1.22     0.953125       174390        21.33
        1.22     0.956250       174390        22.86
        1.23     0.959375       175245        24.62
        1.23     0.962500       175245        26.67
        1.24     0.965625       175987        29.09
        1.25     0.968750       176659        32.00
        1.25     0.970313       176659        33.68
        1.25     0.971875       177272        35.56
        1.25     0.973437       177272        37.65
        1.26     0.975000       177822        40.00
        1.26     0.976562       177822        42.67
        1.27     0.978125       178272        45.71
        1.28     0.979688       178663        49.23
        1.28     0.981250       178663        53.33
        1.29     0.982812       178995        58.18
        1.29     0.984375       179327        64.00
        1.29     0.985156       179327        67.37
        1.30     0.985938       179603        71.11
        1.30     0.986719       179603        75.29
        1.31     0.987500       179817        80.00
        1.32     0.988281       180005        85.33
        1.33     0.989062       180183        91.43
        1.33     0.989844       180183        98.46
        1.33     0.990625       180336       106.67
        1.34     0.991406       180462       116.36
        1.36     0.992188       180661       128.00
        1.36     0.992578       180661       134.74
        1.37     0.992969       180745       142.22
        1.38     0.993359       180805       150.59
        1.39     0.993750       180906       160.00
        1.40     0.994141       180940       170.67
        1.42     0.994531       181009       182.86
        1.43     0.994922       181076       196.92
        1.46     0.995313       181151       213.33
        1.50     0.995703       181225       232.73
        1.55     0.996094       181297       256.00
        1.58     0.996289       181329       269.47
        1.61     0.996484       181365       284.44
        1.67     0.996680       181398       301.18
        1.74     0.996875       181434       320.00
        1.82     0.997070       181469       341.33
        1.94     0.997266       181503       365.71
        2.27     0.997461       181538       393.85
        2.91     0.997656       181575       426.67
        3.58     0.997852       181609       465.45
        4.22     0.998047       181646       512.00
        4.48     0.998145       181663       538.95
        4.80     0.998242       181682       568.89
        4.99     0.998340       181700       602.35
        5.12     0.998437       181720       640.00
        5.21     0.998535       181734       682.67
        5.34     0.998633       181754       731.43
        5.54     0.998730       181771       787.69
        5.66     0.998828       181792       853.33
        5.76     0.998926       181805       930.91
        5.98     0.999023       181825      1024.00
        6.05     0.999072       181833      1077.89
        6.11     0.999121       181844      1137.78
        6.17     0.999170       181851      1204.71
        6.24     0.999219       181862      1280.00
        6.27     0.999268       181868      1365.33
        6.33     0.999316       181878      1462.86
        6.40     0.999365       181887      1575.38
        6.46     0.999414       181896      1706.67
        6.53     0.999463       181905      1861.82
        6.59     0.999512       181914      2048.00
        6.62     0.999536       181917      2155.79
        6.69     0.999561       181927      2275.56
        6.69     0.999585       181927      2409.41
        6.72     0.999609       181929      2560.00
        6.78     0.999634       181936      2730.67
        6.85     0.999658       181942      2925.71
        6.88     0.999683       181944      3150.77
        6.94     0.999707       181947      3413.33
        7.07     0.999731       181952      3723.64
        7.26     0.999756       181956      4096.00
        7.36     0.999768       181959      4311.58
        7.46     0.999780       181961      4551.11
        7.68     0.999792       181963      4818.82
        7.90     0.999805       181966      5120.00
        8.10     0.999817       181967      5461.33
        8.16     0.999829       181969      5851.43
        8.26     0.999841       181972      6301.54
        8.70     0.999854       181974      6826.67
        9.02     0.999866       181976      7447.27
        9.15     0.999878       181979      8192.00
        9.15     0.999884       181979      8623.16
        9.21     0.999890       181981      9102.22
        9.34     0.999896       181982      9637.65
        9.41     0.999902       181983     10240.00
        9.60     0.999908       181984     10922.67
        9.66     0.999915       181985     11702.86
        9.79     0.999921       181986     12603.08
        9.98     0.999927       181988     13653.33
        9.98     0.999933       181988     14894.55
       10.05     0.999939       181991     16384.00
       10.05     0.999942       181991     17246.32
       10.05     0.999945       181991     18204.44
       10.05     0.999948       181991     19275.29
       10.11     0.999951       181992     20480.00
       10.11     0.999954       181992     21845.33
       10.24     0.999957       181993     23405.71
       10.24     0.999960       181993     25206.15
       10.37     0.999963       181994     27306.67
       10.37     0.999966       181994     29789.09
       10.43     0.999969       181996     32768.00
       10.43     0.999971       181996     34492.63
       10.43     0.999973       181996     36408.89
       10.43     0.999974       181996     38550.59
       10.43     0.999976       181996     40960.00
       10.43     0.999977       181996     43690.67
       10.56     0.999979       181997     46811.43
       10.56     0.999980       181997     50412.31
       10.56     0.999982       181997     54613.33
       10.56     0.999983       181997     59578.18
       10.62     0.999985       181998     65536.00
       10.62     0.999986       181998     68985.26
       10.62     0.999986       181998     72817.78
       10.62     0.999987       181998     77101.18
       10.62     0.999988       181998     81920.00
       10.62     0.999989       181998     87381.33
       10.81     0.999989       181999     93622.86
       10.81     0.999990       181999    100824.62
       10.81     0.999991       181999    109226.67
       10.81     0.999992       181999    119156.36
       10.81     0.999992       181999    131072.00
       10.81     0.999993       181999    137970.53
       10.81     0.999993       181999    145635.56
       10.81     0.999994       181999    154202.35
       10.81     0.999994       181999    163840.00
       10.81     0.999994       181999    174762.67
       11.07     0.999995       182000    187245.71
       11.07     1.000000       182000          inf
#[Mean    =        0.910, StdDeviation   =        0.320]
#[Max     =       11.071, Total count    =       182000]
#[Buckets =           10, SubBuckets     =          256]
