       Value   Percentile   TotalCount 1/(1-Percentile)

        0.18     0.000000            2         1.00
        0.61     0.050000       110878         1.05
        0.65     0.100000       213559         1.11
        0.68     0.150000       327466         1.18
        0.70     0.200000       426195         1.25
        0.73     0.250000       525918         1.33
        0.75     0.300000       619182         1.43
        0.78     0.350000       704114         1.54
        0.81     0.400000       820623         1.67
        0.85     0.450000       901601         1.82
        0.89     0.500000      1007550         2.00
        0.90     0.525000      1051064         2.11
        0.93     0.550000      1110572         2.22
        0.95     0.575000      1157402         2.35
        0.98     0.600000      1212427         2.50
        1.01     0.625000      1264788         2.67
        1.02     0.650000      1308487         2.86
        1.04     0.675000      1359043         3.08
        1.05     0.700000      1415708         3.33
        1.07     0.725000      1475749         3.64
        1.08     0.750000      1507112         4.00
        1.09     0.762500      1538586         4.21
        1.09     0.775000      1570346         4.44
        1.10     0.787500      1601838         4.71
        1.10     0.800000      1601838         5.00
        1.11     0.812500      1632748         5.33
        1.12     0.825000      1662847         5.71
        1.13     0.837500      1691522         6.15
        1.14     0.850000      1718990         6.67
        1.14     0.862500      1744656         7.27
        1.15     0.875000      1769108         8.00
        1.15     0.881250      1769108         8.42
        1.16     0.887500      1791467         8.89
        1.16     0.893750      1791467         9.41
        1.17     0.900000      1812347        10.00
        1.18     0.906250      1831794        10.67
        1.18     0.912500      1831794        11.43
        1.18     0.918750      1849684        12.31
        1.19     0.925000      1866092        13.33
        1.19     0.931250      1866092        14.55
        1.20     0.937500      1880956        16.00
        1.21     0.940625      1894470        16.84
        1.21     0.943750      1894470        17.78
        1.21     0.946875      1894470        18.82
        1.22     0.950000      1906743        20.00
        1.22     0.953125      1906743        21.33
        1.22     0.956250      1917583        22.86
        1.23     0.959375      1927204        24.62
        1.23     0.962500      1927204        26.67
        1.24     0.965625      1935670        29.09
        1.25     0.968750      1943025        32.00
        1.25     0.970313      1943025        33.68
        1.25     0.971875      1949517        35.56
        1.25     0.973437      1949517        37.65
        1.26     0.975000      1955220        40.00
        1.26     0.976562      1955220        42.67
        1.27     0.978125      1959976        45.71
        1.27     0.979688      1959976        49.23
        1.28     0.981250      1964346        53.33
        1.29     0.982812      1968132        58.18
        1.29     0.984375      1971563        64.00
        1.29     0.985156      1971563        67.37
        1.30     0.985938      1974458        71.11
        1.30     0.986719      1974458        75.29
        1.31     0.987500      1976922        80.00
        1.31     0.988281      1976922        85.33
        1.32     0.989062      1979131        91.43
        1.33     0.989844      1980989        98.46
        1.33     0.990625      1982577       106.67
        1.34     0.991406      1983937       116.36
        1.35     0.992188      1985140       128.00
        1.36     0.992578      1986192       134.74
        1.36     0.992969      1986192       142.22
        1.37     0.993359      1987082       150.59
        1.38     0.993750      1987848       160.00
        1.38     0.994141      1988516       170.67
        1.39     0.994531      1989095       182.86
        1.41     0.994922      1989985       196.92
        1.42     0.995313      1990674       213.33
        1.45     0.995703      1991476       232.73
        1.48     0.996094      1992331       256.00
        1.50     0.996289      1992666       269.47
        1.52     0.996484      1993095       284.44
        1.54     0.996680      1993449       301.18
        1.57     0.996875      1993766       320.00
        1.60     0.997070      1994177       341.33
        1.63     0.997266      1994550       365.71
        1.67     0.997461      1994943       393.85
        1.74     0.997656      1995322       426.67
        1.82     0.997852      1995723       465.45
        1.93     0.998047      1996099       512.00
        2.02     0.998145      1996291       538.95
        2.13     0.998242      1996492       568.89
        2.27     0.998340      1996681       602.35
        2.45     0.998437      1996881       640.00
        2.62     0.998535      1997071       682.67
        2.94     0.998633      1997275       731.43
        3.28     0.998730      1997461       787.69
        3.62     0.998828      1997659       853.33
        3.97     0.998926      1997856       930.91
        4.29     0.999023      1998049      1024.00
        4.45     0.999072      1998145      1077.89
        4.61     0.999121      1998247      1137.78
        4.77     0.999170      1998349      1204.71
        4.93     0.999219      1998455      1280.00
        5.05     0.999268      1998547      1365.33
        5.18     0.999316      1998635      1462.86
        5.31     0.999365      1998737      1575.38
        5.50     0.999414      1998837      1706.67
        5.66     0.999463      1998936      1861.82
        5.86     0.999512      1999035      2048.00
        5.92     0.999536      1999075      2155.79
        6.05     0.999561      1999137      2275.56
        6.14     0.999585      1999178      2409.41
        6.24     0.999609      1999228      2560.00
        6.33     0.999634      1999274      2730.67
        6.46     0.999658      1999322      2925.71
        6.59     0.999683      1999368      3150.77
        6.78     0.999707      1999418      3413.33
        7.04     0.999731      1999467      3723.64
        7.39     0.999756      1999514      4096.00
        7.62     0.999768      1999542      4311.58
        7.78     0.999780      1999564      4551.11
        7.90     0.999792      1999586      4818.82
        8.10     0.999805      1999611      5120.00
        8.32     0.999817      1999648      5461.33
        8.45     0.999829      1999659      5851.43
        8.57     0.999841      1999685      6301.54
        8.77     0.999854      1999715      6826.67
        8.96     0.999866      1999740      7447.27
        9.09     0.999878      1999757      8192.00
        9.21     0.999884      1999780      8623.16
        9.28     0.999890      1999787      9102.22
        9.34     0.999896      1999794      9637.65
        9.47     0.999902      1999817     10240.00
        9.47     0.999908      1999817     10922.67
        9.66     0.999915      1999841     11702.86
        9.73     0.999921      1999849     12603.08
        9.79     0.999927      1999854     13653.33
        9.92     0.999933      1999871     14894.55
        9.98     0.999939      1999884     16384.00
       10.05     0.999942      1999891     17246.32
       10.05     0.999945      1999891     18204.44
       10.11     0.999948      1999900     19275.29
       10.18     0.999951      1999913     20480.00
       10.18     0.999954      1999913     21845.33
       10.24     0.999957      1999925     23405.71
       10.24     0.999960      1999925     25206.15
       10.30     0.999963      1999932     27306.67
       10.37     0.999966      1999938     29789.09
       10.43     0.999969      1999952     32768.00
       10.43     0.999971      1999952     34492.63
       10.43     0.999973      1999952     36408.89
       10.43     0.999974      1999952     38550.59
       10.43     0.999976      1999952     40960.00
       10.49     0.999977      1999960     43690.67
       10.49     0.999979      1999960     46811.43
       10.56     0.999980      1999967     50412.31
       10.56     0.999982      1999967     54613.33
       10.56     0.999983      1999967     59578.18
       10.62     0.999985      1999979     65536.00
       10.62     0.999986      1999979     68985.26
       10.62     0.999986      1999979     72817.78
       10.62     0.999987      1999979     77101.18
       10.62     0.999988      1999979     81920.00
       10.62     0.999989      1999979     87381.33
       10.62     0.999989      1999979     93622.86
       10.69     0.999990      1999981    100824.62
       10.75     0.999991      1999984    109226.67
       10.75     0.999992      1999984    119156.36
       10.81     0.999992      1999989    131072.00
       10.81     0.999993      1999989    137970.53
       10.81     0.999993      1999989    145635.56
       10.81     0.999994      1999989    154202.35
       10.81     0.999994      1999989    163840.00
       10.81     0.999994      1999989    174762.67
       10.88     0.999995      1999993    187245.71
       10.88     0.999995      1999993    201649.23
       10.88     0.999995      1999993    218453.33
       10.88     0.999996      1999993    238312.73
       10.88     0.999996      1999993    262144.00
       10.88     0.999996      1999993    275941.05
       10.94     0.999997      1999994    291271.11
       10.94     0.999997      1999994    308404.71
       10.94     0.999997      1999994    327680.00
       11.01     0.999997      1999995    349525.33
       11.01     0.999997      1999995    374491.43
       11.07     0.999998      1999997    403298.46
       11.07     0.999998      1999997    436906.67
       11.07     0.999998      1999997    476625.45
       11.07     0.999998      1999997    524288.00
       11.07     0.999998      1999997    551882.11
       11.07     0.999998      1999997    582542.22
       11.07     0.999998      1999997    616809.41
       11.07     0.999998      1999997    655360.00
       11.13     0.999999      1999999    699050.67
       11.13     0.999999      1999999    748982.86
       11.13     0.999999      1999999    806596.92
       11.13     0.999999      1999999    873813.33
       11.13     0.999999      1999999    953250.91
       11.13     0.999999      1999999   1048576.00
       11.13     0.999999      1999999   1103764.21
       11.13     0.999999      1999999   1165084.44
       11.13     0.999999      1999999   1233618.82
       11.13     0.999999      1999999   1310720.00
       11.13     0.999999      1999999   1398101.33
       11.13     0.999999      1999999   1497965.71
       11.13     0.999999      1999999   1613193.85
       11.13     0.999999      1999999   1747626.67
       11.13     0.999999      1999999   1906501.82
       11.33     1.000000      2000000   2097152.00
       11.33     1.000000      2000000          inf
#[Mean    =        0.906, StdDeviation   =        0.280]
#[Max     =       11.327, Total count    =      2000000]
#[Buckets =           10, SubBuckets     =          256]
