       Value   Percentile   TotalCount 1/(1-Percentile)

        0.18     0.000000            2         1.00
        0.61     0.050000       100731         1.05
        0.65     0.100000       194009         1.11
        0.68     0.150000       297513         1.18
        0.70     0.200000       387167         1.25
        0.73     0.250000       477896         1.33
        0.75     0.300000       562611         1.43
        0.78     0.350000       639879         1.54
        0.81     0.400000       745893         1.67
        0.85     0.450000       819566         1.82
        0.89     0.500000       916036         2.00
        0.90     0.525000       955528         2.11
        0.93     0.550000      1009661         2.22
        0.95     0.575000      1052210         2.35
        0.98     0.600000      1102167         2.50
        1.01     0.625000      1149873         2.67
        1.02     0.650000      1189596         2.86
        1.04     0.675000      1235560         3.08
        1.05     0.700000      1287100         3.33
        1.07     0.725000      1341567         3.64
        1.08     0.750000      1370057         4.00
        1.09     0.762500      1398761         4.21
        1.09     0.775000      1427599         4.44
        1.10     0.787500      1456231         4.71
        1.10     0.800000      1456231         5.00
        1.11     0.812500      1484339         5.33
        1.12     0.825000      1511708         5.71
        1.13     0.837500      1537797         6.15
        1.14     0.850000      1562825         6.67
        1.14     0.862500      1586162         7.27
        1.15     0.875000      1608396         8.00
        1.15     0.881250      1608396         8.42
        1.16     0.887500      1628690         8.89
        1.16     0.893750      1628690         9.41
        1.17     0.900000      1647676        10.00
        1.17     0.906250      1647676        10.67
        1.18     0.912500      1665317        11.43
        1.18     0.918750      1681579        12.31
        1.19     0.925000      1696513        13.33
        1.19     0.931250      1696513        14.55
        1.20     0.937500      1710012        16.00
        1.21     0.940625      1722234        16.84
        1.21     0.943750      1722234        17.78
        1.21     0.946875      1722234        18.82
        1.22     0.950000      1733355        20.00
        1.22     0.953125      1733355        21.33
        1.22     0.956250      1743193        22.86
        1.23     0.959375      1751959        24.62
        1.23     0.962500      1751959        26.67
        1.24     0.965625      1759683        29.09
        1.25     0.968750      1766366        32.00
        1.25     0.970313      1766366        33.68
        1.25     0.971875      1772245        35.56
        1.25     0.973437      1772245        37.65
        1.26     0.975000      1777398        40.00
        1.26     0.976562      1777398        42.67
        1.27     0.978125      1781704        45.71
        1.27     0.979688      1781704        49.23
        1.28     0.981250      1785683        53.33
        1.29     0.982812      1789137        58.18
        1.29     0.984375      1792236        64.00
        1.29     0.985156      1792236        67.37
        1.30     0.985938      1794855        71.11
        1.30     0.986719      1794855        75.29
        1.31     0.987500      1797105        80.00
        1.31     0.988281      1797105        85.33
        1.32     0.989062      1799126        91.43
        1.33     0.989844      1800806        98.46
        1.33     0.990625      1802241       106.67
        1.34     0.991406      1803475       116.36
        1.35     0.992188      1804583       128.00
        1.35     0.992578      1804583       134.74
        1.36     0.992969      1805531       142.22
        1.37     0.993359      1806337       150.59
        1.38     0.993750      1807043       160.00
        1.38     0.994141      1807660       170.67
        1.39     0.994531      1808189       182.86
        1.41     0.994922      1809019       196.92
        1.42     0.995313      1809634       213.33
        1.45     0.995703      1810350       232.73
        1.47     0.996094      1810974       256.00
        1.49     0.996289      1811293       269.47
        1.51     0.996484      1811709       284.44
        1.53     0.996680      1812061       301.18
        1.56     0.996875      1812352       320.00
        1.59     0.997070      1812742       341.33
        1.62     0.997266      1813086       365.71
        1.66     0.997461      1813399       393.85
        1.71     0.997656      1813774       426.67
        1.79     0.997852      1814100       465.45
        1.88     0.998047      1814462       512.00
        1.94     0.998145      1814640       538.95
        2.04     0.998242      1814806       568.89
        2.14     0.998340      1814991       602.35
        2.29     0.998437      1815163       640.00
        2.46     0.998535      1815349       682.67
        2.64     0.998633      1815518       731.43
        2.94     0.998730      1815698       787.69
        3.29     0.998828      1815878       853.33
        3.63     0.998926      1816058       930.91
        3.97     0.999023      1816227      1024.00
        4.16     0.999072      1816328      1077.89
        4.32     0.999121      1816413      1137.78
        4.48     0.999170      1816507      1204.71
        4.64     0.999219      1816599      1280.00
        4.77     0.999268      1816670      1365.33
        4.93     0.999316      1816761      1462.86
        5.09     0.999365      1816860      1575.38
        5.25     0.999414      1816943      1706.67
        5.41     0.999463      1817032      1861.82
        5.60     0.999512      1817119      2048.00
        5.70     0.999536      1817157      2155.79
        5.79     0.999561      1817202      2275.56
        5.92     0.999585      1817258      2409.41
        6.01     0.999609      1817291      2560.00
        6.17     0.999634      1817337      2730.67
        6.30     0.999658      1817388      2925.71
        6.46     0.999683      1817426      3150.77
        6.72     0.999707      1817471      3413.33
        7.04     0.999731      1817516      3723.64
        7.42     0.999756      1817557      4096.00
        7.62     0.999768      1817580      4311.58
        7.78     0.999780      1817601      4551.11
        7.97     0.999792      1817623      4818.82
        8.13     0.999805      1817650      5120.00
        8.32     0.999817      1817675      5461.33
        8.51     0.999829      1817700      5851.43
        8.57     0.999841      1817712      6301.54
        8.77     0.999854      1817741      6826.67
        8.89     0.999866      1817756      7447.27
        9.09     0.999878      1817781      8192.00
        9.21     0.999884      1817799      8623.16
        9.28     0.999890      1817806      9102.22
        9.34     0.999896      1817812      9637.65
        9.47     0.999902      1817834     10240.00
        9.47     0.999908      1817834     10922.67
        9.66     0.999915      1817856     11702.86
        9.66     0.999921      1817856     12603.08
        9.79     0.999927      1817868     13653.33
        9.92     0.999933      1817885     14894.55
        9.98     0.999939      1817896     16384.00
        9.98     0.999942      1817896     17246.32
       10.11     0.999945      1817908     18204.44
       10.11     0.999948      1817908     19275.29
       10.18     0.999951      1817921     20480.00
       10.18     0.999954      1817921     21845.33
       10.24     0.999957      1817932     23405.71
       10.24     0.999960      1817932     25206.15
       10.30     0.999963      1817939     27306.67
       10.30     0.999966      1817939     29789.09
       10.43     0.999969      1817956     32768.00
       10.43     0.999971      1817956     34492.63
       10.43     0.999973      1817956     36408.89
       10.43     0.999974      1817956     38550.59
       10.43     0.999976      1817956     40960.00
       10.49     0.999977      1817964     43690.67
       10.49     0.999979      1817964     46811.43
       10.49     0.999980      1817964     50412.31
       10.56     0.999982      1817970     54613.33
       10.56     0.999983      1817970     59578.18
       10.62     0.999985      1817981     65536.00
       10.62     0.999986      1817981     68985.26
       10.62     0.999986      1817981     72817.78
       10.62     0.999987      1817981     77101.18
       10.62     0.999988      1817981     81920.00
       10.62     0.999989      1817981     87381.33
       10.62     0.999989      1817981     93622.86
       10.69     0.999990      1817983    100824.62
       10.75     0.999991      1817986    109226.67
       10.75     0.999992      1817986    119156.36
       10.81     0.999992      1817990    131072.00
       10.81     0.999993      1817990    137970.53
       10.81     0.999993      1817990    145635.56
       10.81     0.999994      1817990    154202.35
       10.81     0.999994      1817990    163840.00
       10.81     0.999994      1817990    174762.67
       10.88     0.999995      1817994    187245.71
       10.88     0.999995      1817994    201649.23
       10.88     0.999995      1817994    218453.33
       10.88     0.999996      1817994    238312.73
       10.88     0.999996      1817994    262144.00
       10.88     0.999996      1817994    275941.05
       10.88     0.999997      1817994    291271.11
       10.94     0.999997      1817995    308404.71
       10.94     0.999997      1817995    327680.00
       10.94     0.999997      1817995    349525.33
       11.01     0.999997      1817996    374491.43
       11.01     0.999998      1817996    403298.46
       11.01     0.999998      1817996    436906.67
       11.07     0.999998      1817997    476625.45
       11.07     0.999998      1817997    524288.00
       11.07     0.999998      1817997    551882.11
       11.07     0.999998      1817997    582542.22
       11.13     0.999998      1817999    616809.41
       11.13     0.999998      1817999    655360.00
       11.13     0.999999      1817999    699050.67
       11.13     0.999999      1817999    748982.86
       11.13     0.999999      1817999    806596.92
       11.13     0.999999      1817999    873813.33
       11.13     0.999999      1817999    953250.91
       11.13     0.999999      1817999   1048576.00
       11.13     0.999999      1817999   1103764.21
       11.13     0.999999      1817999   1165084.44
       11.13     0.999999      1817999   1233618.82
       11.13     0.999999      1817999   1310720.00
       11.13     0.999999      1817999   1398101.33
       11.13     0.999999      1817999   1497965.71
       11.13     0.999999      1817999   1613193.85
       11.13     0.999999      1817999   1747626.67
       11.33     0.999999      1818000   1906501.82
       11.33     1.000000      1818000          inf
#[Mean    =        0.905, StdDeviation   =        0.276]
#[Max     =       11.327, Total count    =      1818000]
#[Buckets =           10, SubBuckets     =          256]
