       Value   Percentile   TotalCount 1/(1-Percentile)

        0.06     0.000000            2         1.00
        1.42     0.050000       103200         1.05
        1.46     0.100000       235473         1.11
        1.47     0.150000       344358         1.18
        1.48     0.200000       408583         1.25
        1.50     0.250000       556436         1.33
        1.50     0.300000       637481         1.43
        1.51     0.350000       719898         1.54
        1.52     0.400000       801013         1.67
        1.53     0.450000       953163         1.82
        1.54     0.500000      1021240         2.00
        1.55     0.525000      1082505         2.11
        1.56     0.550000      1136548         2.22
        1.57     0.575000      1183484         2.35
        1.57     0.600000      1223601         2.50
        1.58     0.625000      1257893         2.67
        1.60     0.650000      1309707         2.86
        1.62     0.675000      1357756         3.08
        1.70     0.700000      1401518         3.33
        1.85     0.725000      1450199         3.64
        1.93     0.750000      1504732         4.00
        1.95     0.762500      1528165         4.21
        1.98     0.775000      1553939         4.44
        2.00     0.787500      1581506         4.71
        2.02     0.800000      1600812         5.00
        2.04     0.812500      1630658         5.33
        2.06     0.825000      1661029         5.71
        2.08     0.837500      1681241         6.15
        2.10     0.850000      1701560         6.67
        2.13     0.862500      1740265         7.27
        2.14     0.875000      1758412         8.00
        2.16     0.881250      1775425         8.42
        2.16     0.887500      1775425         8.89
        2.17     0.893750      1791094         9.41
        2.19     0.900000      1805251        10.00
        2.21     0.906250      1817735        10.67
        2.22     0.912500      1828412        11.43
        2.24     0.918750      1837687        12.31
        2.27     0.925000      1851252        13.33
        2.33     0.931250      1863990        14.55
        2.62     0.937500      1876372        16.00
        2.65     0.940625      1887775        16.84
        2.65     0.943750      1887775        17.78
        2.67     0.946875      1896349        18.82
        2.69     0.950000      1904122        20.00
        2.70     0.953125      1911107        21.33
        2.72     0.956250      1916710        22.86
        2.73     0.959375      1921523        24.62
        2.75     0.962500      1926478        26.67
        2.77     0.965625      1931606        29.09
        2.80     0.968750      1942798        32.00
        2.80     0.970313      1942798        33.68
        2.81     0.971875      1948605        35.56
        2.81     0.973437      1948605        37.65
        2.83     0.975000      1954194        40.00
        2.83     0.976562      1954194        42.67
        2.85     0.978125      1959571        45.71
        2.85     0.979688      1959571        49.23
        2.86     0.981250      1964686        53.33
        2.88     0.982812      1969521        58.18
        2.88     0.984375      1969521        64.00
        2.90     0.985156      1973962        67.37
        2.90     0.985938      1973962        71.11
        2.90     0.986719      1973962        75.29
        2.91     0.987500      1977762        80.00
        2.91     0.988281      1977762        85.33
        2.93     0.989062      1980961        91.43
        2.93     0.989844      1980961        98.46
        2.94     0.990625      1983596       106.67
        2.94     0.991406      1983596       116.36
        2.96     0.992188      1985812       128.00
        2.96     0.992578      1985812       134.74
        2.98     0.992969      1987589       142.22
        2.98     0.993359      1987589       150.59
        2.98     0.993750      1987589       160.00
        2.99     0.994141      1988920       170.67
        3.01     0.994531      1989942       182.86
        3.01     0.994922      1989942       196.92
        3.02     0.995313      1990694       213.33
        3.06     0.995703      1991654       232.73
        3.10     0.996094      1992357       256.00
        3.13     0.996289      1992588       269.47
        3.28     0.996484      1992971       284.44
        3.47     0.996680      1993368       301.18
        3.68     0.996875      1993770       320.00
        3.82     0.997070      1994166       341.33
        3.97     0.997266      1994548       365.71
        4.22     0.997461      1994943       393.85
        4.48     0.997656      1995317       426.67
        4.80     0.997852      1995731       465.45
        5.05     0.998047      1996117       512.00
        5.15     0.998145      1996322       538.95
        5.21     0.998242      1996511       568.89
        5.28     0.998340      1996906       602.35
        5.28     0.998437      1996906       640.00
        5.31     0.998535      1997193       682.67
        5.34     0.998633      1997551       731.43
        5.34     0.998730      1997551       787.69
        5.38     0.998828      1997824       853.33
        5.41     0.998926      1998067       930.91
        5.41     0.999023      1998067      1024.00
        5.44     0.999072      1998216      1077.89
        5.47     0.999121      1998307      1137.78
        5.50     0.999170      1998375      1204.71
        5.57     0.999219      1998481      1280.00
        5.63     0.999268      1998570      1365.33
        5.70     0.999316      1998648      1462.86
        5.79     0.999365      1998768      1575.38
        5.86     0.999414      1998842      1706.67
        5.95     0.999463      1998956      1861.82
        6.05     0.999512      1999066      2048.00
        6.08     0.999536      1999099      2155.79
        6.11     0.999561      1999138      2275.56
        6.17     0.999585      1999196      2409.41
        6.21     0.999609      1999219      2560.00
        6.27     0.999634      1999274      2730.67
        6.33     0.999658      1999317      2925.71
        6.40     0.999683      1999372      3150.77
        6.50     0.999707      1999432      3413.33
        6.56     0.999731      1999469      3723.64
        6.66     0.999756      1999514      4096.00
        6.72     0.999768      1999547      4311.58
        6.78     0.999780      1999573      4551.11
        6.85     0.999792      1999595      4818.82
        6.91     0.999805      1999619      5120.00
        6.97     0.999817      1999640      5461.33
        7.04     0.999829      1999664      5851.43
        7.10     0.999841      1999684      6301.54
        7.23     0.999854      1999713      6826.67
        7.36     0.999866      1999733      7447.27
        7.52     0.999878      1999758      8192.00
        7.62     0.999884      1999769      8623.16
        7.74     0.999890      1999784      9102.22
        7.93     0.999896      1999793      9637.65
       26.24     0.999902      1999805     10240.00
       26.62     0.999908      1999817     10922.67
       26.88     0.999915      1999837     11702.86
       27.01     0.999921      1999845     12603.08
       27.14     0.999927      1999856     13653.33
       27.26     0.999933      1999870     14894.55
       27.52     0.999939      1999885     16384.00
       27.52     0.999942      1999885     17246.32
       27.65     0.999945      1999891     18204.44
       27.77     0.999948      1999907     19275.29
       27.77     0.999951      1999907     20480.00
       27.90     0.999954      1999914     21845.33
       28.03     0.999957      1999922     23405.71
       28.03     0.999960      1999922     25206.15
       28.16     0.999963      1999929     27306.67
       28.29     0.999966      1999939     29789.09
       28.29     0.999969      1999939     32768.00
       28.41     0.999971      1999947     34492.63
       28.41     0.999973      1999947     36408.89
       28.54     0.999974      1999950     38550.59
       28.67     0.999976      1999961     40960.00
       28.67     0.999977      1999961     43690.67
       28.67     0.999979      1999961     46811.43
       28.67     0.999980      1999961     50412.31
       28.80     0.999982      1999968     54613.33
       28.80     0.999983      1999968     59578.18
       28.93     0.999985      1999976     65536.00
       28.93     0.999986      1999976     68985.26
       28.93     0.999986      1999976     72817.78
       28.93     0.999987      1999976     77101.18
       28.93     0.999988      1999976     81920.00
       29.05     0.999989      1999979     87381.33
       29.05     0.999989      1999979     93622.86
       29.18     0.999990      1999984    100824.62
       29.18     0.999991      1999984    109226.67
       29.18     0.999992      1999984    119156.36
       29.31     0.999992      1999986    131072.00
       29.31     0.999993      1999986    137970.53
       29.44     0.999993      1999987    145635.56
       29.57     0.999994      1999989    154202.35
       29.57     0.999994      1999989    163840.00
       29.57     0.999994      1999989    174762.67
       29.70     0.999995      1999991    187245.71
       29.70     0.999995      1999991    201649.23
       29.70     0.999995      1999991    218453.33
       29.82     0.999996      1999993    238312.73
       29.82     0.999996      1999993    262144.00
       29.82     0.999996      1999993    275941.05
       29.95     0.999997      1999995    291271.11
       29.95     0.999997      1999995    308404.71
       29.95     0.999997      1999995    327680.00
       29.95     0.999997      1999995    349525.33
       29.95     0.999997      1999995    374491.43
       30.08     0.999998      1999996    403298.46
       30.08     0.999998      1999996    436906.67
       30.08     0.999998      1999996    476625.45
       30.21     0.999998      1999998    524288.00
       30.21     0.999998      1999998    551882.11
       30.21     0.999998      1999998    582542.22
       30.21     0.999998      1999998    616809.41
       30.21     0.999998      1999998    655360.00
       30.21     0.999999      1999998    699050.67
       30.21     0.999999      1999998    748982.86
       30.21     0.999999      1999998    806596.92
       30.21     0.999999      1999998    873813.33
       30.21     0.999999      1999998    953250.91
       30.34     0.999999      1999999   1048576.00
       30.34     0.999999      1999999   1103764.21
       30.34     0.999999      1999999   1165084.44
       30.34     0.999999      1999999   1233618.82
       30.34     0.999999      1999999   1310720.00
       30.34     0.999999      1999999   1398101.33
       30.34     0.999999      1999999   1497965.71
       30.34     0.999999      1999999   1613193.85
       30.34     0.999999      1999999   1747626.67
       30.34     0.999999      1999999   1906501.82
       30.46     1.000000      2000000   2097152.00
       30.46     1.000000      2000000          inf
#[Mean    =        1.722, StdDeviation   =        0.492]
#[Max     =       30.463, Total count    =      2000000]
#[Buckets =           10, SubBuckets     =          256]
