       Value   Percentile   TotalCount 1/(1-Percentile)

        0.06     0.000000            2         1.00
        1.42     0.050000        93954         1.05
        1.46     0.100000       214347         1.11
        1.47     0.150000       313477         1.18
        1.48     0.200000       371868         1.25
        1.50     0.250000       506257         1.33
        1.50     0.300000       579994         1.43
        1.51     0.350000       654860         1.54
        1.52     0.400000       728457         1.67
        1.53     0.450000       866754         1.82
        1.54     0.500000       928471         2.00
        1.55     0.525000       984128         2.11
        1.56     0.550000      1033176         2.22
        1.57     0.575000      1075906         2.35
        1.57     0.600000      1112433         2.50
        1.58     0.625000      1143538         2.67
        1.60     0.650000      1190595         2.86
        1.62     0.675000      1234147         3.08
        1.70     0.700000      1273791         3.33
        1.86     0.725000      1322352         3.64
        1.93     0.750000      1367677         4.00
        1.95     0.762500      1389056         4.21
        1.98     0.775000      1412597         4.44
        2.00     0.787500      1437677         4.71
        2.02     0.800000      1455278         5.00
        2.04     0.812500      1482389         5.33
        2.06     0.825000      1510031         5.71
        2.08     0.837500      1528385         6.15
        2.10     0.850000      1546882         6.67
        2.13     0.862500      1582069         7.27
        2.14     0.875000      1598597         8.00
        2.16     0.881250      1614031         8.42
        2.16     0.887500      1614031         8.89
        2.17     0.893750      1628287         9.41
        2.19     0.900000      1641132        10.00
        2.21     0.906250      1652517        10.67
        2.22     0.912500      1662167        11.43
        2.24     0.918750      1670577        12.31
        2.27     0.925000      1682918        13.33
        2.33     0.931250      1694467        14.55
        2.62     0.937500      1705758        16.00
        2.65     0.940625      1716242        16.84
        2.65     0.943750      1716242        17.78
        2.67     0.946875      1724056        18.82
        2.69     0.950000      1731084        20.00
        2.70     0.953125      1737365        21.33
        2.72     0.956250      1742415        22.86
        2.73     0.959375      1746756        24.62
        2.75     0.962500      1751265        26.67
        2.77     0.965625      1755936        29.09
        2.80     0.968750      1766140        32.00
        2.80     0.970313      1766140        33.68
        2.81     0.971875      1771407        35.56
        2.81     0.973437      1771407        37.65
        2.83     0.975000      1776507        40.00
        2.83     0.976562      1776507        42.67
        2.85     0.978125      1781389        45.71
        2.85     0.979688      1781389        49.23
        2.86     0.981250      1786048        53.33
        2.88     0.982812      1790462        58.18
        2.88     0.984375      1790462        64.00
        2.90     0.985156      1794474        67.37
        2.90     0.985938      1794474        71.11
        2.90     0.986719      1794474        75.29
        2.91     0.987500      1797927        80.00
        2.91     0.988281      1797927        85.33
        2.93     0.989062      1800861        91.43
        2.93     0.989844      1800861        98.46
        2.94     0.990625      1803221       106.67
        2.94     0.991406      1803221       116.36
        2.96     0.992188      1805242       128.00
        2.96     0.992578      1805242       134.74
        2.96     0.992969      1805242       142.22
        2.98     0.993359      1806849       150.59
        2.98     0.993750      1806849       160.00
        2.99     0.994141      1808052       170.67
        3.01     0.994531      1808980       182.86
        3.01     0.994922      1808980       196.92
        3.02     0.995313      1809670       213.33
        3.06     0.995703      1810532       232.73
        3.09     0.996094      1811018       256.00
        3.12     0.996289      1811314       269.47
        3.21     0.996484      1811627       284.44
        3.41     0.996680      1811993       301.18
        3.58     0.996875      1812325       320.00
        3.76     0.997070      1812677       341.33
        3.89     0.997266      1813058       365.71
        4.09     0.997461      1813392       393.85
        4.35     0.997656      1813742       426.67
        4.67     0.997852      1814115       465.45
        4.96     0.998047      1814470       512.00
        5.05     0.998145      1814629       538.95
        5.15     0.998242      1814827       568.89
        5.21     0.998340      1815004       602.35
        5.28     0.998437      1815368       640.00
        5.28     0.998535      1815368       682.67
        5.31     0.998633      1815625       731.43
        5.34     0.998730      1815943       787.69
        5.34     0.998828      1815943       853.33
        5.38     0.998926      1816192       930.91
        5.41     0.999023      1816411      1024.00
        5.41     0.999072      1816411      1077.89
        5.41     0.999121      1816411      1137.78
        5.44     0.999170      1816555      1204.71
        5.47     0.999219      1816634      1280.00
        5.50     0.999268      1816699      1365.33
        5.57     0.999316      1816796      1462.86
        5.63     0.999365      1816876      1575.38
        5.70     0.999414      1816947      1706.67
        5.79     0.999463      1817056      1861.82
        5.86     0.999512      1817124      2048.00
        5.89     0.999536      1817160      2155.79
        5.95     0.999561      1817231      2275.56
        5.98     0.999585      1817264      2409.41
        6.01     0.999609      1817293      2560.00
        6.08     0.999634      1817361      2730.67
        6.11     0.999658      1817396      2925.71
        6.14     0.999683      1817425      3150.77
        6.21     0.999707      1817470      3413.33
        6.27     0.999731      1817519      3723.64
        6.37     0.999756      1817578      4096.00
        6.40     0.999768      1817605      4311.58
        6.40     0.999780      1817605      4551.11
        6.46     0.999792      1817641      4818.82
        6.50     0.999805      1817658      5120.00
        6.53     0.999817      1817677      5461.33
        6.56     0.999829      1817694      5851.43
        6.62     0.999841      1817724      6301.54
        6.66     0.999854      1817735      6826.67
        6.72     0.999866      1817766      7447.27
        6.75     0.999878      1817779      8192.00
        6.78     0.999884      1817790      8623.16
        6.85     0.999890      1817811      9102.22
        6.88     0.999896      1817822      9637.65
        6.91     0.999902      1817830     10240.00
        6.94     0.999908      1817840     10922.67
        6.97     0.999915      1817850     11702.86
        7.01     0.999921      1817858     12603.08
        7.04     0.999927      1817871     13653.33
        7.07     0.999933      1817881     14894.55
        7.13     0.999939      1817895     16384.00
        7.13     0.999942      1817895     17246.32
        7.17     0.999945      1817904     18204.44
        7.20     0.999948      1817906     19275.29
        7.23     0.999951      1817917     20480.00
        7.23     0.999954      1817917     21845.33
        7.29     0.999957      1817924     23405.71
        7.33     0.999960      1817930     25206.15
        7.36     0.999963      1817934     27306.67
        7.39     0.999966      1817941     29789.09
        7.42     0.999969      1817948     32768.00
        7.42     0.999971      1817948     34492.63
        7.46     0.999973      1817951     36408.89
        7.49     0.999974      1817956     38550.59
        7.49     0.999976      1817956     40960.00
        7.52     0.999977      1817959     43690.67
        7.55     0.999979      1817964     46811.43
        7.55     0.999980      1817964     50412.31
        7.58     0.999982      1817968     54613.33
        7.62     0.999983      1817970     59578.18
        7.65     0.999985      1817975     65536.00
        7.65     0.999986      1817975     68985.26
        7.68     0.999986      1817976     72817.78
        7.71     0.999987      1817980     77101.18
        7.71     0.999988      1817980     81920.00
        7.71     0.999989      1817980     87381.33
        7.74     0.999989      1817985     93622.86
        7.74     0.999990      1817985    100824.62
        7.74     0.999991      1817985    109226.67
        7.74     0.999992      1817985    119156.36
        7.78     0.999992      1817987    131072.00
        7.78     0.999993      1817987    137970.53
        7.81     0.999993      1817989    145635.56
        7.81     0.999994      1817989    154202.35
        7.81     0.999994      1817989    163840.00
        7.87     0.999994      1817990    174762.67
        7.90     0.999995      1817992    187245.71
        7.90     0.999995      1817992    201649.23
        7.90     0.999995      1817992    218453.33
        7.93     0.999996      1817993    238312.73
        8.00     0.999996      1817994    262144.00
        8.00     0.999996      1817994    275941.05
        8.00     0.999997      1817994    291271.11
        8.03     0.999997      1817995    308404.71
        8.03     0.999997      1817995    327680.00
        8.03     0.999997      1817995    349525.33
        8.10     0.999997      1817996    374491.43
        8.10     0.999998      1817996    403298.46
        8.10     0.999998      1817996    436906.67
        8.13     0.999998      1817997    476625.45
        8.13     0.999998      1817997    524288.00
        8.13     0.999998      1817997    551882.11
        8.13     0.999998      1817997    582542.22
        8.16     0.999998      1817998    616809.41
        8.16     0.999998      1817998    655360.00
        8.16     0.999999      1817998    699050.67
        8.16     0.999999      1817998    748982.86
        8.16     0.999999      1817998    806596.92
        8.16     0.999999      1817998    873813.33
        8.26     0.999999      1817999    953250.91
        8.26     0.999999      1817999   1048576.00
        8.26     0.999999      1817999   1103764.21
        8.26     0.999999      1817999   1165084.44
        8.26     0.999999      1817999   1233618.82
        8.26     0.999999      1817999   1310720.00
        8.26     0.999999      1817999   1398101.33
        8.26     0.999999      1817999   1497965.71
        8.26     0.999999      1817999   1613193.85
        8.26     0.999999      1817999   1747626.67
        8.57     0.999999      1818000   1906501.82
        8.57     1.000000      1818000          inf
#[Mean    =        1.720, StdDeviation   =        0.417]
#[Max     =        8.575, Total count    =      1818000]
#[Buckets =           10, SubBuckets     =          256]
