       Value   Percentile   TotalCount 1/(1-Percentile)

        0.07     0.000000            1         1.00
        1.42     0.050000         9246         1.05
        1.46     0.100000        21126         1.11
        1.47     0.150000        30881         1.18
        1.48     0.200000        36715         1.25
        1.50     0.250000        50179         1.33
        1.50     0.300000        57487         1.43
        1.51     0.350000        65038         1.54
        1.53     0.400000        79753         1.67
        1.53     0.450000        86409         1.82
        1.54     0.500000        92769         2.00
        1.55     0.525000        98377         2.11
        1.56     0.550000       103372         2.22
        1.57     0.575000       107578         2.35
        1.57     0.600000       111168         2.50
        1.58     0.625000       114355         2.67
        1.60     0.650000       119112         2.86
        1.62     0.675000       123609         3.08
        1.69     0.700000       127524         3.33
        1.85     0.725000       132261         3.64
        1.93     0.750000       137055         4.00
        1.95     0.762500       139109         4.21
        1.98     0.775000       141342         4.44
        2.00     0.787500       143829         4.71
        2.02     0.800000       146425         5.00
        2.04     0.812500       148269         5.33
        2.06     0.825000       150998         5.71
        2.08     0.837500       152856         6.15
        2.11     0.850000       156488         6.67
        2.13     0.862500       158196         7.27
        2.14     0.875000       159815         8.00
        2.16     0.881250       161394         8.42
        2.17     0.887500       162807         8.89
        2.17     0.893750       162807         9.41
        2.19     0.900000       164119        10.00
        2.21     0.906250       165218        10.67
        2.22     0.912500       166245        11.43
        2.25     0.918750       167788        12.31
        2.29     0.925000       168751        13.33
        2.33     0.931250       169523        14.55
        2.64     0.937500       170965        16.00
        2.65     0.940625       171533        16.84
        2.67     0.943750       172293        17.78
        2.69     0.946875       173038        18.82
        2.69     0.950000       173038        20.00
        2.70     0.953125       173742        21.33
        2.72     0.956250       174295        22.86
        2.73     0.959375       174767        24.62
        2.75     0.962500       175213        26.67
        2.78     0.965625       176147        29.09
        2.80     0.968750       176658        32.00
        2.80     0.970313       176658        33.68
        2.81     0.971875       177198        35.56
        2.81     0.973437       177198        37.65
        2.83     0.975000       177687        40.00
        2.85     0.976562       178182        42.67
        2.85     0.978125       178182        45.71
        2.86     0.979688       178638        49.23
        2.86     0.981250       178638        53.33
        2.88     0.982812       179059        58.18
        2.90     0.984375       179488        64.00
        2.90     0.985156       179488        67.37
        2.90     0.985938       179488        71.11
        2.91     0.986719       179835        75.29
        2.91     0.987500       179835        80.00
        2.93     0.988281       180100        85.33
        2.93     0.989062       180100        91.43
        2.94     0.989844       180375        98.46
        2.94     0.990625       180375       106.67
        2.96     0.991406       180570       116.36
        2.98     0.992188       180740       128.00
        2.98     0.992578       180740       134.74
        2.98     0.992969       180740       142.22
        2.99     0.993359       180868       150.59
        2.99     0.993750       180868       160.00
        3.01     0.994141       180962       170.67
        3.02     0.994531       181024       182.86
        3.04     0.994922       181080       196.92
        3.09     0.995313       181157       213.33
        3.31     0.995703       181221       232.73
        3.74     0.996094       181290       256.00
        3.89     0.996289       181329       269.47
        4.09     0.996484       181363       284.44
        4.35     0.996680       181396       301.18
        4.61     0.996875       181439       320.00
        4.86     0.997070       181468       341.33
        5.21     0.997266       181507       365.71
        5.28     0.997461       181538       393.85
        5.34     0.997656       181608       426.67
        5.38     0.997852       181632       465.45
        5.41     0.998047       181656       512.00
        5.47     0.998145       181673       538.95
        5.54     0.998242       181683       568.89
        5.66     0.998340       181698       602.35
        5.82     0.998437       181716       640.00
        6.08     0.998535       181738       682.67
        6.24     0.998633       181753       731.43
        6.43     0.998730       181769       787.69
        6.88     0.998828       181787       853.33
       26.24     0.998926       181805       930.91
       26.75     0.999023       181825      1024.00
       26.88     0.999072       181837      1077.89
       27.01     0.999121       181845      1137.78
       27.14     0.999170       181856      1204.71
       27.26     0.999219       181870      1280.00
       27.26     0.999268       181870      1365.33
       27.39     0.999316       181876      1462.86
       27.52     0.999365       181885      1575.38
       27.77     0.999414       181907      1706.67
       27.77     0.999463       181907      1861.82
       27.90     0.999512       181914      2048.00
       28.03     0.999536       181922      2155.79
       28.03     0.999561       181922      2275.56
       28.16     0.999585       181929      2409.41
       28.16     0.999609       181929      2560.00
       28.29     0.999634       181939      2730.67
       28.29     0.999658       181939      2925.71
       28.41     0.999683       181947      3150.77
       28.41     0.999707       181947      3413.33
       28.67     0.999731       181961      3723.64
       28.67     0.999756       181961      4096.00
       28.67     0.999768       181961      4311.58
       28.67     0.999780       181961      4551.11
       28.80     0.999792       181968      4818.82
       28.80     0.999805       181968      5120.00
       28.80     0.999817       181968      5461.33
       28.93     0.999829       181976      5851.43
       28.93     0.999841       181976      6301.54
       28.93     0.999854       181976      6826.67
       28.93     0.999866       181976      7447.27
       29.05     0.999878       181979      8192.00
       29.05     0.999884       181979      8623.16
       29.18     0.999890       181984      9102.22
       29.18     0.999896       181984      9637.65
       29.18     0.999902       181984     10240.00
       29.18     0.999908       181984     10922.67
       29.31     0.999915       181986     11702.86
       29.31     0.999921       181986     12603.08
       29.44     0.999927       181987     13653.33
       29.57     0.999933       181989     14894.55
       29.57     0.999939       181989     16384.00
       29.70     0.999942       181991     17246.32
       29.70     0.999945       181991     18204.44
       29.70     0.999948       181991     19275.29
       29.82     0.999951       181993     20480.00
       29.82     0.999954       181993     21845.33
       29.82     0.999957       181993     23405.71
       29.82     0.999960       181993     25206.15
       29.95     0.999963       181995     27306.67
       29.95     0.999966       181995     29789.09
       29.95     0.999969       181995     32768.00
       29.95     0.999971       181995     34492.63
       30.08     0.999973       181996     36408.89
       30.08     0.999974       181996     38550.59
       30.08     0.999976       181996     40960.00
       30.08     0.999977       181996     43690.67
       30.21     0.999979       181998     46811.43
       30.21     0.999980       181998     50412.31
       30.21     0.999982       181998     54613.33
       30.21     0.999983       181998     59578.18
       30.21     0.999985       181998     65536.00
       30.21     0.999986       181998     68985.26
       30.21     0.999986       181998     72817.78
       30.21     0.999987       181998     77101.18
       30.21     0.999988       181998     81920.00
       30.21     0.999989       181998     87381.33
       30.34     0.999989       181999     93622.86
       30.34     0.999990       181999    100824.62
       30.34     0.999991       181999    109226.67
       30.34     0.999992       181999    119156.36
       30.34     0.999992       181999    131072.00
       30.34     0.999993       181999    137970.53
       30.34     0.999993       181999    145635.56
       30.34     0.999994       181999    154202.35
       30.34     0.999994       181999    163840.00
       30.34     0.999994       181999    174762.67
       30.46     0.999995       182000    187245.71
       30.46     1.000000       182000          inf
#[Mean    =        1.747, StdDeviation   =        0.959]
#[Max     =       30.463, Total count    =       182000]
#[Buckets =           10, SubBuckets     =          256]
