       Value   Percentile   TotalCount 1/(1-Percentile)

        0.22     0.000000            1         1.00
        1.36     0.050000        23404         1.05
        1.44     0.100000        49306         1.11
        1.47     0.150000        72166         1.18
        1.50     0.200000        95516         1.25
        1.53     0.250000       114318         1.33
        1.58     0.300000       139619         1.43
        1.62     0.350000       164184         1.54
        1.66     0.400000       183926         1.67
        1.78     0.450000       205239         1.82
        1.85     0.500000       227531         2.00
        1.91     0.525000       240611         2.11
        1.94     0.550000       251374         2.22
        1.97     0.575000       261995         2.35
        2.00     0.600000       274420         2.50
        2.10     0.625000       284600         2.67
        2.35     0.650000       296824         2.86
        2.48     0.675000       308854         3.08
        2.56     0.700000       320138         3.33
        2.62     0.725000       330434         3.64
        2.72     0.750000       342786         4.00
        2.77     0.762500       347268         4.21
        2.83     0.775000       353725         4.44
        2.88     0.787500       360905         4.71
        2.91     0.800000       367008         5.00
        2.93     0.812500       370129         5.33
        2.96     0.825000       375940         5.71
        2.99     0.837500       381229         6.15
        3.04     0.850000       389524         6.67
        3.06     0.862500       392520         7.27
        3.09     0.875000       398420         8.00
        3.10     0.881250       401092         8.42
        3.13     0.887500       405851         8.89
        3.15     0.893750       407565         9.41
        3.18     0.900000       410337        10.00
        3.21     0.906250       412662        10.67
        3.26     0.912500       415584        11.43
        3.33     0.918750       418585        12.31
        3.41     0.925000       420892        13.33
        3.52     0.931250       424005        14.55
        3.58     0.937500       427064        16.00
        3.62     0.940625       428727        16.84
        3.63     0.943750       429553        17.78
        3.66     0.946875       431206        18.82
        3.69     0.950000       433169        20.00
        3.71     0.953125       434335        21.33
        3.73     0.956250       435693        22.86
        3.74     0.959375       437223        24.62
        3.76     0.962500       438776        26.67
        3.77     0.965625       440310        29.09
        3.79     0.968750       441685        32.00
        3.79     0.970313       441685        33.68
        3.81     0.971875       442854        35.56
        3.82     0.973437       443753        37.65
        3.82     0.975000       443753        40.00
        3.84     0.976562       444548        42.67
        3.85     0.978125       445220        45.71
        3.87     0.979688       445848        49.23
        3.90     0.981250       446977        53.33
        3.92     0.982812       447540        58.18
        3.94     0.984375       447978        64.00
        3.95     0.985156       448366        67.37
        3.97     0.985938       448766        71.11
        3.98     0.986719       449077        75.29
        4.00     0.987500       449355        80.00
        4.03     0.988281       449740        85.33
        4.06     0.989062       450052        91.43
        4.13     0.989844       450566        98.46
        4.16     0.990625       450775       106.67
        4.25     0.991406       451230       116.36
        4.32     0.992188       451473       128.00
        4.38     0.992578       451670       134.74
        4.45     0.992969       451861       142.22
        4.51     0.993359       451986       150.59
        4.61     0.993750       452183       160.00
        4.74     0.994141       452365       170.67
        4.89     0.994531       452544       182.86
        5.05     0.994922       452699       196.92
        5.38     0.995313       452878       213.33
        5.95     0.995703       453048       232.73
        6.62     0.996094       453228       256.00
        6.97     0.996289       453314       269.47
        7.39     0.996484       453401       284.44
        7.84     0.996680       453497       301.18
        8.32     0.996875       453586       320.00
        8.77     0.997070       453672       341.33
        9.21     0.997266       453764       365.71
        9.66     0.997461       453845       393.85
       10.24     0.997656       453938       426.67
       10.75     0.997852       454029       465.45
       11.26     0.998047       454118       512.00
       11.58     0.998145       454161       538.95
       11.78     0.998242       454202       568.89
       12.16     0.998340       454252       602.35
       12.54     0.998437       454295       640.00
       12.86     0.998535       454335       682.67
       13.25     0.998633       454380       731.43
       13.82     0.998730       454429       787.69
       14.21     0.998828       454474       853.33
       14.72     0.998926       454513       930.91
       15.17     0.999023       454561      1024.00
       15.29     0.999072       454582      1077.89
       15.42     0.999121       454601      1137.78
       15.55     0.999170       454624      1204.71
       15.74     0.999219       454647      1280.00
       16.13     0.999268       454669      1365.33
       16.64     0.999316       454692      1462.86
       17.15     0.999365       454718      1575.38
       17.54     0.999414       454734      1706.67
       18.05     0.999463       454760      1861.82
       18.69     0.999512       454785      2048.00
       18.94     0.999536       454793      2155.79
       19.20     0.999561       454803      2275.56
       19.45     0.999585       454812      2409.41
       19.84     0.999609       454823      2560.00
       20.61     0.999634       454838      2730.67
       21.12     0.999658       454849      2925.71
       21.38     0.999683       454859      3150.77
       21.89     0.999707       454867      3413.33
       22.14     0.999731       454879      3723.64
       22.40     0.999756       454890      4096.00
       22.78     0.999768       454897      4311.58
       23.04     0.999780       454901      4551.11
       23.17     0.999792       454909      4818.82
       23.30     0.999805       454913      5120.00
       23.42     0.999817       454918      5461.33
       23.81     0.999829       454924      5851.43
       24.06     0.999841       454928      6301.54
       24.32     0.999854       454934      6826.67
       24.83     0.999866       454941      7447.27
       25.21     0.999878       454948      8192.00
       25.21     0.999884       454948      8623.16
       25.60     0.999890       454953      9102.22
       25.60     0.999896       454953      9637.65
       25.98     0.999902       454957     10240.00
       26.24     0.999908       454960     10922.67
       26.37     0.999915       454964     11702.86
       26.37     0.999921       454964     12603.08
       26.62     0.999927       454967     13653.33
       26.88     0.999933       454971     14894.55
       27.14     0.999939       454973     16384.00
       27.26     0.999942       454975     17246.32
       27.39     0.999945       454977     18204.44
       27.39     0.999948       454977     19275.29
       27.52     0.999951       454978     20480.00
       28.03     0.999954       454980     21845.33
       28.16     0.999957       454983     23405.71
       28.16     0.999960       454983     25206.15
       28.41     0.999963       454984     27306.67
       28.54     0.999966       454985     29789.09
       28.93     0.999969       454987     32768.00
       28.93     0.999971       454987     34492.63
       29.05     0.999973       454988     36408.89
       29.70     0.999974       454990     38550.59
       29.70     0.999976       454990     40960.00
       29.70     0.999977       454990     43690.67
       30.08     0.999979       454991     46811.43
       30.08     0.999980       454991     50412.31
       30.46     0.999982       454993     54613.33
       30.46     0.999983       454993     59578.18
       31.10     0.999985       454994     65536.00
       31.10     0.999986       454994     68985.26
       31.10     0.999986       454994     72817.78
       34.05     0.999987       454995     77101.18
       34.05     0.999988       454995     81920.00
       34.05     0.999989       454995     87381.33
       36.35     0.999989       454996     93622.86
       36.35     0.999990       454996    100824.62
       36.35     0.999991       454996    109226.67
       36.61     0.999992       454997    119156.36
       36.61     0.999992       454997    131072.00
       36.61     0.999993       454997    137970.53
       36.61     0.999993       454997    145635.56
       37.12     0.999994       454998    154202.35
       37.12     0.999994       454998    163840.00
       37.12     0.999994       454998    174762.67
       37.12     0.999995       454998    187245.71
       37.12     0.999995       454998    201649.23
       37.12     0.999995       454998    218453.33
       47.87     0.999996       454999    238312.73
       47.87     0.999996       454999    262144.00
       47.87     0.999996       454999    275941.05
       47.87     0.999997       454999    291271.11
       47.87     0.999997       454999    308404.71
       47.87     0.999997       454999    327680.00
       47.87     0.999997       454999    349525.33
       47.87     0.999997       454999    374491.43
       47.87     0.999998       454999    403298.46
       47.87     0.999998       454999    436906.67
       48.13     0.999998       455000    476625.45
       48.13     1.000000       455000          inf
#[Mean    =        2.162, StdDeviation   =        1.049]
#[Max     =       48.127, Total count    =       455000]
#[Buckets =           10, SubBuckets     =          256]
