       Value   Percentile   TotalCount 1/(1-Percentile)

        0.17     0.000000            1         1.00
        1.36     0.050000       232844         1.05
        1.44     0.100000       496971         1.11
        1.47     0.150000       725090         1.18
        1.50     0.200000       956034         1.25
        1.53     0.250000      1144638         1.33
        1.58     0.300000      1399198         1.43
        1.61     0.350000      1593366         1.54
        1.66     0.400000      1838293         1.67
        1.78     0.450000      2050153         1.82
        1.85     0.500000      2276764         2.00
        1.90     0.525000      2387718         2.11
        1.94     0.550000      2515881         2.22
        1.97     0.575000      2621931         2.35
        2.00     0.600000      2744917         2.50
        2.10     0.625000      2845077         2.67
        2.33     0.650000      2955732         2.86
        2.46     0.675000      3068755         3.08
        2.56     0.700000      3202738         3.33
        2.62     0.725000      3306475         3.64
        2.70     0.750000      3411748         4.00
        2.77     0.762500      3472989         4.21
        2.83     0.775000      3537472         4.44
        2.86     0.787500      3582671         4.71
        2.90     0.800000      3640148         5.00
        2.93     0.812500      3703014         5.33
        2.96     0.825000      3761137         5.71
        2.99     0.837500      3814504         6.15
        3.02     0.850000      3867336         6.67
        3.06     0.862500      3925192         7.27
        3.09     0.875000      3983668         8.00
        3.10     0.881250      4010219         8.42
        3.12     0.887500      4035321         8.89
        3.15     0.893750      4075076         9.41
        3.18     0.900000      4102028        10.00
        3.21     0.906250      4124680        10.67
        3.26     0.912500      4154145        11.43
        3.31     0.918750      4179147        12.31
        3.39     0.925000      4204183        13.33
        3.50     0.931250      4232894        14.55
        3.58     0.937500      4268116        16.00
        3.60     0.940625      4276479        16.84
        3.63     0.943750      4292434        17.78
        3.66     0.946875      4308834        18.82
        3.68     0.950000      4318043        20.00
        3.71     0.953125      4340435        21.33
        3.73     0.956250      4353777        22.86
        3.74     0.959375      4368595        24.62
        3.76     0.962500      4384273        26.67
        3.77     0.965625      4399482        29.09
        3.79     0.968750      4412872        32.00
        3.79     0.970313      4412872        33.68
        3.81     0.971875      4424262        35.56
        3.82     0.973437      4433982        37.65
        3.82     0.975000      4433982        40.00
        3.84     0.976562      4441824        42.67
        3.85     0.978125      4448445        45.71
        3.87     0.979688      4454847        49.23
        3.89     0.981250      4460626        53.33
        3.92     0.982812      4471582        58.18
        3.94     0.984375      4476360        64.00
        3.95     0.985156      4480643        67.37
        3.97     0.985938      4484488        71.11
        3.98     0.986719      4487489        75.29
        4.00     0.987500      4490182        80.00
        4.01     0.988281      4492334        85.33
        4.05     0.989062      4495952        91.43
        4.08     0.989844      4498979        98.46
        4.13     0.990625      4502717       106.67
        4.19     0.991406      4506592       116.36
        4.25     0.992188      4509638       128.00
        4.32     0.992578      4511795       134.74
        4.38     0.992969      4513902       142.22
        4.45     0.993359      4515550       150.59
        4.51     0.993750      4516902       160.00
        4.58     0.994141      4518478       170.67
        4.70     0.994531      4520519       182.86
        4.83     0.994922      4522205       196.92
        4.99     0.995313      4523890       213.33
        5.25     0.995703      4525584       232.73
        5.73     0.996094      4527344       256.00
        6.05     0.996289      4528153       269.47
        6.46     0.996484      4529067       284.44
        6.91     0.996680      4529985       301.18
        7.36     0.996875      4530808       320.00
        8.00     0.997070      4531721       341.33
        8.57     0.997266      4532613       365.71
        9.15     0.997461      4533478       393.85
        9.79     0.997656      4534427       426.67
       10.37     0.997852      4535289       465.45
       11.01     0.998047      4536136       512.00
       11.33     0.998145      4536584       538.95
       11.78     0.998242      4537079       568.89
       12.16     0.998340      4537517       602.35
       12.54     0.998437      4537949       640.00
       12.93     0.998535      4538346       682.67
       13.38     0.998633      4538822       731.43
       13.82     0.998730      4539302       787.69
       14.21     0.998828      4539687       853.33
       14.72     0.998926      4540179       930.91
       15.23     0.999023      4540573      1024.00
       15.55     0.999072      4540788      1077.89
       15.94     0.999121      4541052      1137.78
       16.25     0.999170      4541244      1204.71
       16.64     0.999219      4541470      1280.00
       17.15     0.999268      4541727      1365.33
       17.54     0.999316      4541915      1462.86
       18.05     0.999365      4542161      1575.38
       18.56     0.999414      4542362      1706.67
       19.07     0.999463      4542567      1861.82
       19.71     0.999512      4542819      2048.00
       19.97     0.999536      4542917      2155.79
       20.22     0.999561      4543007      2275.56
       20.61     0.999585      4543138      2409.41
       20.86     0.999609      4543227      2560.00
       21.25     0.999634      4543366      2730.67
       21.50     0.999658      4543466      2925.71
       21.76     0.999683      4543565      3150.77
       22.14     0.999707      4543706      3413.33
       22.40     0.999731      4543783      3723.64
       22.78     0.999756      4543895      4096.00
       23.04     0.999768      4543967      4311.58
       23.17     0.999780      4544005      4551.11
       23.42     0.999792      4544070      4818.82
       23.68     0.999805      4544136      5120.00
       23.93     0.999817      4544194      5461.33
       24.06     0.999829      4544225      5851.43
       24.32     0.999841      4544288      6301.54
       24.57     0.999854      4544342      6826.67
       24.96     0.999866      4544409      7447.27
       25.21     0.999878      4544452      8192.00
       25.47     0.999884      4544482      8623.16
       25.73     0.999890      4544515      9102.22
       25.86     0.999896      4544531      9637.65
       26.11     0.999902      4544558     10240.00
       26.37     0.999908      4544590     10922.67
       26.62     0.999915      4544618     11702.86
       26.75     0.999921      4544640     12603.08
       27.14     0.999927      4544675     13653.33
       27.39     0.999933      4544701     14894.55
       27.65     0.999939      4544723     16384.00
       27.77     0.999942      4544745     17246.32
       27.90     0.999945      4544753     18204.44
       28.16     0.999948      4544771     19275.29
       28.41     0.999951      4544787     20480.00
       28.54     0.999954      4544798     21845.33
       28.80     0.999957      4544808     23405.71
       29.05     0.999960      4544820     25206.15
       29.44     0.999963      4544835     27306.67
       29.95     0.999966      4544850     29789.09
       30.46     0.999969      4544866     32768.00
       30.59     0.999971      4544869     34492.63
       30.85     0.999973      4544878     36408.89
       31.10     0.999974      4544883     38550.59
       31.36     0.999976      4544890     40960.00
       31.61     0.999977      4544897     43690.67
       31.87     0.999979      4544906     46811.43
       32.13     0.999980      4544911     50412.31
       33.02     0.999982      4544917     54613.33
       33.53     0.999983      4544926     59578.18
       34.05     0.999985      4544935     65536.00
       34.05     0.999986      4544935     68985.26
       34.30     0.999986      4544940     72817.78
       34.56     0.999987      4544944     77101.18
       34.81     0.999988      4544947     81920.00
       35.07     0.999989      4544950     87381.33
       35.33     0.999989      4544952     93622.86
       35.58     0.999990      4544957    100824.62
       35.84     0.999991      4544962    109226.67
       35.84     0.999992      4544962    119156.36
       36.35     0.999992      4544966    131072.00
       36.86     0.999993      4544968    137970.53
       37.12     0.999993      4544970    145635.56
       37.38     0.999994      4544971    154202.35
       37.63     0.999994      4544973    163840.00
       37.89     0.999994      4544974    174762.67
       38.14     0.999995      4544976    187245.71
       39.42     0.999995      4544978    201649.23
       40.45     0.999995      4544980    218453.33
       40.96     0.999996      4544981    238312.73
       41.98     0.999996      4544983    262144.00
       42.75     0.999996      4544984    275941.05
       43.26     0.999997      4544985    291271.11
       43.77     0.999997      4544986    308404.71
       44.80     0.999997      4544987    327680.00
       44.80     0.999997      4544987    349525.33
       46.08     0.999997      4544988    374491.43
       46.85     0.999998      4544989    403298.46
       47.36     0.999998      4544991    436906.67
       47.36     0.999998      4544991    476625.45
       47.62     0.999998      4544994    524288.00
       47.62     0.999998      4544994    551882.11
       47.62     0.999998      4544994    582542.22
       47.62     0.999998      4544994    616809.41
       47.62     0.999998      4544994    655360.00
       47.62     0.999999      4544994    699050.67
       47.62     0.999999      4544994    748982.86
       47.87     0.999999      4544996    806596.92
       47.87     0.999999      4544996    873813.33
       47.87     0.999999      4544996    953250.91
       47.87     0.999999      4544996   1048576.00
       47.87     0.999999      4544996   1103764.21
       48.13     0.999999      4544998   1165084.44
       48.13     0.999999      4544998   1233618.82
       48.13     0.999999      4544998   1310720.00
       48.13     0.999999      4544998   1398101.33
       48.13     0.999999      4544998   1497965.71
       48.13     0.999999      4544998   1613193.85
       48.13     0.999999      4544998   1747626.67
       48.13     0.999999      4544998   1906501.82
       48.13     1.000000      4544998   2097152.00
       48.13     1.000000      4544998   2207528.42
       48.38     1.000000      4545000   2330168.89
       48.38     1.000000      4545000          inf
#[Mean    =        2.158, StdDeviation   =        1.048]
#[Max     =       48.383, Total count    =      4545000]
#[Buckets =           10, SubBuckets     =          256]
