       Value   Percentile   TotalCount 1/(1-Percentile)

        0.20     0.000000            1         1.00
        1.29     0.050000       236752         1.05
        1.41     0.100000       476049         1.11
        1.46     0.150000       691860         1.18
        1.53     0.200000       919468         1.25
        1.68     0.250000      1146013         1.33
        1.74     0.300000      1390171         1.43
        1.77     0.350000      1595858         1.54
        1.79     0.400000      1826143         1.67
        1.82     0.450000      2072208         1.82
        1.87     0.500000      2290527         2.00
        1.90     0.525000      2391746         2.11
        1.92     0.550000      2499793         2.22
        1.95     0.575000      2629093         2.35
        1.99     0.600000      2730081         2.50
        2.06     0.625000      2841440         2.67
        2.24     0.650000      2960815         2.86
        2.42     0.675000      3078746         3.08
        2.51     0.700000      3193384         3.33
        2.58     0.725000      3301683         3.64
        2.64     0.750000      3425393         4.00
        2.67     0.762500      3485853         4.21
        2.70     0.775000      3540973         4.44
        2.73     0.787500      3586074         4.71
        2.78     0.800000      3640034         5.00
        2.85     0.812500      3708951         5.33
        2.88     0.825000      3750165         5.71
        2.94     0.837500      3818384         6.15
        3.06     0.850000      3867357         6.67
        3.29     0.862500      3925417         7.27
        3.41     0.875000      3985853         8.00
        3.44     0.881250      4011043         8.42
        3.47     0.887500      4048330         8.89
        3.49     0.893750      4072941         9.41
        3.50     0.900000      4100454        10.00
        3.52     0.906250      4131016        10.67
        3.54     0.912500      4161575        11.43
        3.55     0.918750      4191698        12.31
        3.57     0.925000      4220008        13.33
        3.58     0.931250      4245698        14.55
        3.60     0.937500      4269428        16.00
        3.62     0.940625      4291999        16.84
        3.62     0.943750      4291999        17.78
        3.63     0.946875      4313348        18.82
        3.65     0.950000      4333584        20.00
        3.65     0.953125      4333584        21.33
        3.66     0.956250      4353560        22.86
        3.68     0.959375      4372474        24.62
        3.69     0.962500      4390247        26.67
        3.69     0.965625      4390247        29.09
        3.71     0.968750      4406807        32.00
        3.73     0.970313      4421527        33.68
        3.73     0.971875      4421527        35.56
        3.74     0.973437      4433434        37.65
        3.74     0.975000      4433434        40.00
        3.76     0.976562      4442901        42.67
        3.77     0.978125      4450710        45.71
        3.79     0.979688      4457043        49.23
        3.81     0.981250      4462229        53.33
        3.82     0.982812      4466953        58.18
        3.85     0.984375      4475150        64.00
        3.87     0.985156      4478628        67.37
        3.89     0.985938      4481794        71.11
        3.90     0.986719      4484674        75.29
        3.94     0.987500      4489838        80.00
        3.95     0.988281      4491983        85.33
        3.98     0.989062      4495855        91.43
        4.01     0.989844      4498929        98.46
        4.08     0.990625      4503159       106.67
        4.16     0.991406      4507362       116.36
        4.22     0.992188      4510010       128.00
        4.29     0.992578      4511729       134.74
        4.35     0.992969      4513466       142.22
        4.42     0.993359      4515203       150.59
        4.51     0.993750      4517106       160.00
        4.61     0.994141      4518739       170.67
        4.74     0.994531      4520449       182.86
        4.89     0.994922      4522193       196.92
        5.09     0.995313      4523835       213.33
        5.41     0.995703      4525551       232.73
        5.79     0.996094      4527316       256.00
        6.01     0.996289      4528137       269.47
        6.33     0.996484      4529039       284.44
        6.75     0.996680      4529940       301.18
        7.23     0.996875      4530869       320.00
        7.68     0.997070      4531711       341.33
        8.26     0.997266      4532637       365.71
        8.83     0.997461      4533480       393.85
        9.54     0.997656      4534367       426.67
       10.30     0.997852      4535294       465.45
       11.01     0.998047      4536168       512.00
       11.39     0.998145      4536611       538.95
       11.78     0.998242      4537066       568.89
       12.10     0.998340      4537475       602.35
       12.41     0.998437      4537912       640.00
       12.80     0.998535      4538415       682.67
       13.18     0.998633      4538834       731.43
       13.63     0.998730      4539284       787.69
       14.02     0.998828      4539707       853.33
       14.46     0.998926      4540156       930.91
       14.91     0.999023      4540574      1024.00
       15.23     0.999072      4540813      1077.89
       15.55     0.999121      4541038      1137.78
       15.87     0.999170      4541228      1204.71
       16.32     0.999219      4541487      1280.00
       16.77     0.999268      4541703      1365.33
       17.28     0.999316      4541925      1462.86
       17.79     0.999365      4542159      1575.38
       18.30     0.999414      4542392      1706.67
       18.69     0.999463      4542567      1861.82
       19.20     0.999512      4542787      2048.00
       19.58     0.999536      4542941      2155.79
       19.84     0.999561      4543045      2275.56
       20.09     0.999585      4543138      2409.41
       20.35     0.999609      4543243      2560.00
       20.61     0.999634      4543347      2730.67
       20.86     0.999658      4543452      2925.71
       21.25     0.999683      4543587      3150.77
       21.50     0.999707      4543672      3413.33
       21.89     0.999731      4543788      3723.64
       22.27     0.999756      4543910      4096.00
       22.40     0.999768      4543947      4311.58
       22.66     0.999780      4544025      4551.11
       22.78     0.999792      4544064      4818.82
       23.04     0.999805      4544137      5120.00
       23.17     0.999817      4544173      5461.33
       23.42     0.999829      4544237      5851.43
       23.68     0.999841      4544297      6301.54
       23.93     0.999854      4544359      6826.67
       24.19     0.999866      4544414      7447.27
       24.45     0.999878      4544467      8192.00
       24.57     0.999884      4544486      8623.16
       24.70     0.999890      4544511      9102.22
       24.83     0.999896      4544530      9637.65
       25.09     0.999902      4544568     10240.00
       25.34     0.999908      4544601     10922.67
       25.47     0.999915      4544616     11702.86
       25.73     0.999921      4544646     12603.08
       25.98     0.999927      4544679     13653.33
       26.11     0.999933      4544698     14894.55
       26.50     0.999939      4544732     16384.00
       26.62     0.999942      4544742     17246.32
       26.75     0.999945      4544754     18204.44
       27.01     0.999948      4544778     19275.29
       27.14     0.999951      4544788     20480.00
       27.26     0.999954      4544794     21845.33
       27.39     0.999957      4544806     23405.71
       27.77     0.999960      4544829     25206.15
       27.90     0.999963      4544835     27306.67
       28.16     0.999966      4544859     29789.09
       28.29     0.999969      4544866     32768.00
       28.41     0.999971      4544877     34492.63
       28.41     0.999973      4544877     36408.89
       28.54     0.999974      4544883     38550.59
       28.67     0.999976      4544892     40960.00
       28.80     0.999977      4544899     43690.67
       28.93     0.999979      4544907     46811.43
       29.05     0.999980      4544913     50412.31
       29.31     0.999982      4544919     54613.33
       29.70     0.999983      4544927     59578.18
       29.95     0.999985      4544933     65536.00
       30.08     0.999986      4544935     68985.26
       30.46     0.999986      4544938     72817.78
       30.85     0.999987      4544944     77101.18
       30.98     0.999988      4544945     81920.00
       31.23     0.999989      4544949     87381.33
       31.49     0.999989      4544952     93622.86
       31.87     0.999990      4544955    100824.62
       33.02     0.999991      4544960    109226.67
       33.79     0.999992      4544964    119156.36
       34.05     0.999992      4544967    131072.00
       34.30     0.999993      4544968    137970.53
       34.81     0.999993      4544969    145635.56
       35.58     0.999994      4544971    154202.35
       36.09     0.999994      4544973    163840.00
       36.61     0.999994      4544974    174762.67
       37.38     0.999995      4544976    187245.71
       37.89     0.999995      4544978    201649.23
       38.66     0.999995      4544980    218453.33
       39.42     0.999996      4544981    238312.73
       40.19     0.999996      4544983    262144.00
       40.45     0.999996      4544984    275941.05
       40.70     0.999997      4544985    291271.11
       41.22     0.999997      4544987    308404.71
       41.22     0.999997      4544987    327680.00
       41.22     0.999997      4544987    349525.33
       41.47     0.999997      4544989    374491.43
       41.47     0.999998      4544989    403298.46
       41.73     0.999998      4544990    436906.67
       41.98     0.999998      4544991    476625.45
       42.24     0.999998      4544993    524288.00
       42.24     0.999998      4544993    551882.11
       42.24     0.999998      4544993    582542.22
       42.24     0.999998      4544993    616809.41
       42.75     0.999998      4544995    655360.00
       42.75     0.999999      4544995    699050.67
       42.75     0.999999      4544995    748982.86
       42.75     0.999999      4544995    806596.92
       42.75     0.999999      4544995    873813.33
       43.01     0.999999      4544996    953250.91
       43.01     0.999999      4544996   1048576.00
       43.01     0.999999      4544996   1103764.21
       43.26     0.999999      4544997   1165084.44
       43.26     0.999999      4544997   1233618.82
       43.26     0.999999      4544997   1310720.00
       43.26     0.999999      4544997   1398101.33
       43.26     0.999999      4544997   1497965.71
       43.52     0.999999      4544998   1613193.85
       43.52     0.999999      4544998   1747626.67
       43.52     0.999999      4544998   1906501.82
       43.52     1.000000      4544998   2097152.00
       43.52     1.000000      4544998   2207528.42
       44.80     1.000000      4544999   2330168.89
       44.80     1.000000      4544999   2467237.65
       44.80     1.000000      4544999   2621440.00
       44.80     1.000000      4544999   2796202.67
       44.80     1.000000      4544999   2995931.43
       44.80     1.000000      4544999   3226387.69
       44.80     1.000000      4544999   3495253.33
       44.80     1.000000      4544999   3813003.64
       44.80     1.000000      4544999   4194304.00
       44.80     1.000000      4544999   4415056.84
       45.31     1.000000      4545000   4660337.78
       45.31     1.000000      4545000          inf
#[Mean    =        2.185, StdDeviation   =        1.033]
#[Max     =       45.311, Total count    =      4545000]
#[Buckets =           10, SubBuckets     =          256]
