       Value   Percentile   TotalCount 1/(1-Percentile)

        0.20     0.000000            1         1.00
        1.29     0.050000        23816         1.05
        1.41     0.100000        47788         1.11
        1.46     0.150000        69407         1.18
        1.53     0.200000        92226         1.25
        1.68     0.250000       114711         1.33
        1.74     0.300000       138835         1.43
        1.77     0.350000       159485         1.54
        1.79     0.400000       182465         1.67
        1.82     0.450000       207353         1.82
        1.87     0.500000       229114         2.00
        1.90     0.525000       239179         2.11
        1.93     0.550000       253740         2.22
        1.95     0.575000       263066         2.35
        1.99     0.600000       273288         2.50
        2.06     0.625000       284475         2.67
        2.24     0.650000       296363         2.86
        2.42     0.675000       308368         3.08
        2.51     0.700000       319699         3.33
        2.58     0.725000       330285         3.64
        2.64     0.750000       342655         4.00
        2.67     0.762500       348731         4.21
        2.70     0.775000       354282         4.44
        2.73     0.787500       358995         4.71
        2.78     0.800000       364269         5.00
        2.85     0.812500       371167         5.33
        2.90     0.825000       377250         5.71
        2.94     0.837500       381962         6.15
        3.06     0.850000       386929         6.67
        3.29     0.862500       392684         7.27
        3.41     0.875000       398664         8.00
        3.44     0.881250       401177         8.42
        3.47     0.887500       404955         8.89
        3.49     0.893750       407307         9.41
        3.50     0.900000       410103        10.00
        3.52     0.906250       413166        10.67
        3.54     0.912500       416263        11.43
        3.55     0.918750       419242        12.31
        3.57     0.925000       422096        13.33
        3.58     0.931250       424665        14.55
        3.60     0.937500       427048        16.00
        3.62     0.940625       429330        16.84
        3.63     0.943750       431436        17.78
        3.63     0.946875       431436        18.82
        3.65     0.950000       433445        20.00
        3.66     0.953125       435444        21.33
        3.66     0.956250       435444        22.86
        3.68     0.959375       437301        24.62
        3.69     0.962500       439067        26.67
        3.71     0.965625       440747        29.09
        3.73     0.968750       442204        32.00
        3.73     0.970313       442204        33.68
        3.73     0.971875       442204        35.56
        3.74     0.973437       443399        37.65
        3.76     0.975000       444319        40.00
        3.77     0.976562       445092        42.67
        3.77     0.978125       445092        45.71
        3.79     0.979688       445765        49.23
        3.82     0.981250       446783        53.33
        3.84     0.982812       447235        58.18
        3.87     0.984375       447989        64.00
        3.89     0.985156       448324        67.37
        3.92     0.985938       448847        71.11
        3.94     0.986719       449110        75.29
        3.95     0.987500       449361        80.00
        3.98     0.988281       449760        85.33
        4.01     0.989062       450081        91.43
        4.06     0.989844       450435        98.46
        4.13     0.990625       450808       106.67
        4.19     0.991406       451117       116.36
        4.32     0.992188       451479       128.00
        4.38     0.992578       451668       134.74
        4.45     0.992969       451813       142.22
        4.54     0.993359       452000       150.59
        4.67     0.993750       452184       160.00
        4.80     0.994141       452364       170.67
        4.93     0.994531       452523       182.86
        5.15     0.994922       452691       196.92
        5.54     0.995313       452871       213.33
        5.92     0.995703       453047       232.73
        6.62     0.996094       453223       256.00
        7.10     0.996289       453312       269.47
        7.74     0.996484       453401       284.44
        8.38     0.996680       453498       301.18
        8.83     0.996875       453579       320.00
        9.47     0.997070       453668       341.33
       10.05     0.997266       453760       365.71
       10.62     0.997461       453859       393.85
       11.07     0.997656       453942       426.67
       11.71     0.997852       454035       465.45
       12.16     0.998047       454119       512.00
       12.48     0.998145       454165       538.95
       12.67     0.998242       454215       568.89
       12.86     0.998340       454247       602.35
       13.12     0.998437       454291       640.00
       13.38     0.998535       454340       682.67
       13.70     0.998633       454381       731.43
       14.08     0.998730       454425       787.69
       14.34     0.998828       454469       853.33
       14.59     0.998926       454512       930.91
       15.17     0.999023       454560      1024.00
       15.49     0.999072       454581      1077.89
       15.87     0.999121       454603      1137.78
       16.06     0.999170       454627      1204.71
       16.25     0.999219       454649      1280.00
       16.89     0.999268       454677      1365.33
       17.28     0.999316       454693      1462.86
       17.92     0.999365       454716      1575.38
       18.43     0.999414       454740      1706.67
       18.82     0.999463       454761      1861.82
       19.33     0.999512       454782      2048.00
       19.58     0.999536       454797      2155.79
       19.71     0.999561       454801      2275.56
       20.09     0.999585       454812      2409.41
       20.48     0.999609       454825      2560.00
       20.99     0.999634       454839      2730.67
       21.25     0.999658       454846      2925.71
       21.63     0.999683       454861      3150.77
       21.89     0.999707       454870      3413.33
       22.02     0.999731       454878      3723.64
       22.27     0.999756       454890      4096.00
       22.40     0.999768       454895      4311.58
       22.66     0.999780       454903      4551.11
       23.04     0.999792       454909      4818.82
       23.17     0.999805       454914      5120.00
       23.30     0.999817       454919      5461.33
       23.55     0.999829       454923      5851.43
       23.81     0.999841       454928      6301.54
       24.19     0.999854       454934      6826.67
       24.57     0.999866       454944      7447.27
       24.70     0.999878       454945      8192.00
       25.09     0.999884       454950      8623.16
       25.21     0.999890       454952      9102.22
       25.34     0.999896       454954      9637.65
       25.60     0.999902       454957     10240.00
       26.11     0.999908       454962     10922.67
       26.11     0.999915       454962     11702.86
       26.24     0.999921       454964     12603.08
       26.37     0.999927       454967     13653.33
       26.62     0.999933       454971     14894.55
       26.75     0.999939       454973     16384.00
       26.88     0.999942       454974     17246.32
       27.14     0.999945       454979     18204.44
       27.14     0.999948       454979     19275.29
       27.14     0.999951       454979     20480.00
       27.39     0.999954       454983     21845.33
       27.39     0.999957       454983     23405.71
       27.39     0.999960       454983     25206.15
       27.65     0.999963       454984     27306.67
       27.77     0.999966       454985     29789.09
       28.03     0.999969       454987     32768.00
       28.03     0.999971       454987     34492.63
       28.29     0.999973       454989     36408.89
       28.29     0.999974       454989     38550.59
       28.29     0.999976       454989     40960.00
       28.41     0.999977       454990     43690.67
       28.67     0.999979       454991     46811.43
       28.67     0.999980       454991     50412.31
       28.80     0.999982       454993     54613.33
       28.80     0.999983       454993     59578.18
       28.93     0.999985       454994     65536.00
       28.93     0.999986       454994     68985.26
       28.93     0.999986       454994     72817.78
       29.05     0.999987       454996     77101.18
       29.05     0.999988       454996     81920.00
       29.05     0.999989       454996     87381.33
       29.05     0.999989       454996     93622.86
       29.05     0.999990       454996    100824.62
       29.05     0.999991       454996    109226.67
       30.98     0.999992       454997    119156.36
       30.98     0.999992       454997    131072.00
       30.98     0.999993       454997    137970.53
       30.98     0.999993       454997    145635.56
       33.53     0.999994       454998    154202.35
       33.53     0.999994       454998    163840.00
       33.53     0.999994       454998    174762.67
       33.53     0.999995       454998    187245.71
       33.53     0.999995       454998    201649.23
       33.53     0.999995       454998    218453.33
       39.17     0.999996       454999    238312.73
       39.17     0.999996       454999    262144.00
       39.17     0.999996       454999    275941.05
       39.17     0.999997       454999    291271.11
       39.17     0.999997       454999    308404.71
       39.17     0.999997       454999    327680.00
       39.17     0.999997       454999    349525.33
       39.17     0.999997       454999    374491.43
       39.17     0.999998       454999    403298.46
       39.17     0.999998       454999    436906.67
       43.77     0.999998       455000    476625.45
       43.77     1.000000       455000          inf
#[Mean    =        2.190, StdDeviation   =        1.063]
#[Max     =       43.775, Total count    =       455000]
#[Buckets =           10, SubBuckets     =          256]
