       Value   Percentile   TotalCount 1/(1-Percentile)

        0.20     0.000000            2         1.00
        1.29     0.050000       260568         1.05
        1.41     0.100000       523837         1.11
        1.46     0.150000       761267         1.18
        1.53     0.200000      1011694         1.25
        1.68     0.250000      1260724         1.33
        1.74     0.300000      1529006         1.43
        1.77     0.350000      1755343         1.54
        1.79     0.400000      2008608         1.67
        1.82     0.450000      2279561         1.82
        1.87     0.500000      2519641         2.00
        1.90     0.525000      2630925         2.11
        1.93     0.550000      2789316         2.22
        1.95     0.575000      2892159         2.35
        1.99     0.600000      3003369         2.50
        2.06     0.625000      3125915         2.67
        2.24     0.650000      3257178         2.86
        2.42     0.675000      3387114         3.08
        2.51     0.700000      3513083         3.33
        2.58     0.725000      3631968         3.64
        2.64     0.750000      3768048         4.00
        2.67     0.762500      3834584         4.21
        2.70     0.775000      3895255         4.44
        2.73     0.787500      3945069         4.71
        2.78     0.800000      4004303         5.00
        2.85     0.812500      4080118         5.33
        2.88     0.825000      4125438         5.71
        2.94     0.837500      4200346         6.15
        3.06     0.850000      4254286         6.67
        3.29     0.862500      4318101         7.27
        3.41     0.875000      4384517         8.00
        3.44     0.881250      4412220         8.42
        3.47     0.887500      4453285         8.89
        3.49     0.893750      4480248         9.41
        3.50     0.900000      4510557        10.00
        3.52     0.906250      4544182        10.67
        3.54     0.912500      4577838        11.43
        3.55     0.918750      4610940        12.31
        3.57     0.925000      4642104        13.33
        3.58     0.931250      4670363        14.55
        3.60     0.937500      4696476        16.00
        3.62     0.940625      4721329        16.84
        3.62     0.943750      4721329        17.78
        3.63     0.946875      4744784        18.82
        3.65     0.950000      4767029        20.00
        3.65     0.953125      4767029        21.33
        3.66     0.956250      4789004        22.86
        3.68     0.959375      4809775        24.62
        3.69     0.962500      4829314        26.67
        3.69     0.965625      4829314        29.09
        3.71     0.968750      4847554        32.00
        3.73     0.970313      4863731        33.68
        3.73     0.971875      4863731        35.56
        3.74     0.973437      4876833        37.65
        3.74     0.975000      4876833        40.00
        3.76     0.976562      4887220        42.67
        3.77     0.978125      4895802        45.71
        3.79     0.979688      4902808        49.23
        3.81     0.981250      4908550        53.33
        3.84     0.982812      4918534        58.18
        3.85     0.984375      4922783        64.00
        3.87     0.985156      4926617        67.37
        3.89     0.985938      4930118        71.11
        3.92     0.986719      4936161        75.29
        3.94     0.987500      4938948        80.00
        3.97     0.988281      4943565        85.33
        3.98     0.989062      4945615        91.43
        4.03     0.989844      4950409        98.46
        4.08     0.990625      4953701       106.67
        4.16     0.991406      4958325       116.36
        4.22     0.992188      4961224       128.00
        4.29     0.992578      4963124       134.74
        4.35     0.992969      4965038       142.22
        4.42     0.993359      4966944       150.59
        4.51     0.993750      4969039       160.00
        4.61     0.994141      4970833       170.67
        4.74     0.994531      4972730       182.86
        4.89     0.994922      4974682       196.92
        5.12     0.995313      4976659       213.33
        5.44     0.995703      4978553       232.73
        5.86     0.996094      4980575       256.00
        6.14     0.996289      4981570       269.47
        6.43     0.996484      4982502       284.44
        6.88     0.996680      4983453       301.18
        7.33     0.996875      4984387       320.00
        7.84     0.997070      4985412       341.33
        8.38     0.997266      4986350       365.71
        9.02     0.997461      4987346       393.85
        9.73     0.997656      4988324       426.67
       10.43     0.997852      4989278       465.45
       11.13     0.998047      4990283       512.00
       11.52     0.998145      4990753       538.95
       11.84     0.998242      4991211       568.89
       12.22     0.998340      4991803       602.35
       12.54     0.998437      4992293       640.00
       12.86     0.998535      4992728       682.67
       13.25     0.998633      4993219       731.43
       13.63     0.998730      4993656       787.69
       14.08     0.998828      4994198       853.33
       14.46     0.998926      4994652       930.91
       14.97     0.999023      4995147      1024.00
       15.23     0.999072      4995376      1077.89
       15.55     0.999121      4995624      1137.78
       15.94     0.999170      4995870      1204.71
       16.32     0.999219      4996141      1280.00
       16.77     0.999268      4996369      1365.33
       17.28     0.999316      4996618      1462.86
       17.79     0.999365      4996870      1575.38
       18.30     0.999414      4997123      1706.67
       18.69     0.999463      4997320      1861.82
       19.20     0.999512      4997562      2048.00
       19.58     0.999536      4997738      2155.79
       19.84     0.999561      4997850      2275.56
       20.09     0.999585      4997950      2409.41
       20.35     0.999609      4998064      2560.00
       20.61     0.999634      4998177      2730.67
       20.99     0.999658      4998334      2925.71
       21.25     0.999683      4998433      3150.77
       21.63     0.999707      4998579      3413.33
       21.89     0.999731      4998658      3723.64
       22.27     0.999756      4998800      4096.00
       22.40     0.999768      4998842      4311.58
       22.66     0.999780      4998928      4551.11
       22.78     0.999792      4998967      4818.82
       23.04     0.999805      4999046      5120.00
       23.17     0.999817      4999087      5461.33
       23.42     0.999829      4999156      5851.43
       23.68     0.999841      4999221      6301.54
       23.93     0.999854      4999290      6826.67
       24.19     0.999866      4999348      7447.27
       24.45     0.999878      4999405      8192.00
       24.57     0.999884      4999430      8623.16
       24.70     0.999890      4999456      9102.22
       24.96     0.999896      4999499      9637.65
       25.09     0.999902      4999518     10240.00
       25.34     0.999908      4999555     10922.67
       25.60     0.999915      4999589     11702.86
       25.86     0.999921      4999619     12603.08
       25.98     0.999927      4999637     13653.33
       26.24     0.999933      4999670     14894.55
       26.50     0.999939      4999699     16384.00
       26.62     0.999942      4999713     17246.32
       26.75     0.999945      4999727     18204.44
       27.01     0.999948      4999753     19275.29
       27.14     0.999951      4999767     20480.00
       27.26     0.999954      4999773     21845.33
       27.39     0.999957      4999789     23405.71
       27.65     0.999960      4999802     25206.15
       27.90     0.999963      4999821     27306.67
       28.16     0.999966      4999846     29789.09
       28.29     0.999969      4999855     32768.00
       28.41     0.999971      4999867     34492.63
       28.41     0.999973      4999867     36408.89
       28.54     0.999974      4999873     38550.59
       28.67     0.999976      4999883     40960.00
       28.80     0.999977      4999892     43690.67
       28.93     0.999979      4999901     46811.43
       28.93     0.999980      4999901     50412.31
       29.05     0.999982      4999909     54613.33
       29.44     0.999983      4999917     59578.18
       29.82     0.999985      4999924     65536.00
       29.95     0.999986      4999929     68985.26
       30.21     0.999986      4999932     72817.78
       30.59     0.999987      4999937     77101.18
       30.85     0.999988      4999940     81920.00
       31.10     0.999989      4999943     87381.33
       31.49     0.999989      4999949     93622.86
       31.87     0.999990      4999952    100824.62
       32.64     0.999991      4999955    109226.67
       33.53     0.999992      4999959    119156.36
       33.79     0.999992      4999962    131072.00
       34.05     0.999993      4999965    137970.53
       34.30     0.999993      4999966    145635.56
       35.07     0.999994      4999968    154202.35
       35.84     0.999994      4999970    163840.00
       36.61     0.999994      4999972    174762.67
       37.38     0.999995      4999974    187245.71
       37.89     0.999995      4999976    201649.23
       38.66     0.999995      4999978    218453.33
       39.42     0.999996      4999980    238312.73
       39.68     0.999996      4999981    262144.00
       40.19     0.999996      4999982    275941.05
       40.45     0.999997      4999983    291271.11
       40.70     0.999997      4999984    308404.71
       41.22     0.999997      4999986    327680.00
       41.22     0.999997      4999986    349525.33
       41.47     0.999997      4999988    374491.43
       41.47     0.999998      4999988    403298.46
       41.73     0.999998      4999989    436906.67
       41.98     0.999998      4999990    476625.45
       42.24     0.999998      4999992    524288.00
       42.24     0.999998      4999992    551882.11
       42.24     0.999998      4999992    582542.22
       42.24     0.999998      4999992    616809.41
       42.75     0.999998      4999994    655360.00
       42.75     0.999999      4999994    699050.67
       42.75     0.999999      4999994    748982.86
       42.75     0.999999      4999994    806596.92
       43.01     0.999999      4999995    873813.33
       43.01     0.999999      4999995    953250.91
       43.26     0.999999      4999996   1048576.00
       43.26     0.999999      4999996   1103764.21
       43.26     0.999999      4999996   1165084.44
       43.26     0.999999      4999996   1233618.82
       43.52     0.999999      4999997   1310720.00
       43.52     0.999999      4999997   1398101.33
       43.52     0.999999      4999997   1497965.71
       43.52     0.999999      4999997   1613193.85
       43.77     0.999999      4999998   1747626.67
       43.77     0.999999      4999998   1906501.82
       43.77     1.000000      4999998   2097152.00
       43.77     1.000000      4999998   2207528.42
       43.77     1.000000      4999998   2330168.89
       43.77     1.000000      4999998   2467237.65
       44.80     1.000000      4999999   2621440.00
       44.80     1.000000      4999999   2796202.67
       44.80     1.000000      4999999   2995931.43
       44.80     1.000000      4999999   3226387.69
       44.80     1.000000      4999999   3495253.33
       44.80     1.000000      4999999   3813003.64
       44.80     1.000000      4999999   4194304.00
       44.80     1.000000      4999999   4415056.84
       44.80     1.000000      4999999   4660337.78
       44.80     1.000000      4999999   4934475.29
       45.31     1.000000      5000000   5242880.00
       45.31     1.000000      5000000          inf
#[Mean    =        2.185, StdDeviation   =        1.036]
#[Max     =       45.311, Total count    =      5000000]
#[Buckets =           10, SubBuckets     =          256]
