Value Percentile TotalCount 1/(1-Percentile)

0.06 0.000000 24 1.00
2.72 0.050000 253333 1.05
2.73 0.100000 564419 1.11
2.75 0.150000 1065820 1.18
2.75 0.200000 1065820 1.25
2.77 0.250000 1639279 1.33
2.77 0.300000 1639279 1.43
2.78 0.350000 2251819 1.54
2.78 0.400000 2251819 1.67
2.78 0.450000 2251819 1.82
2.80 0.500000 2794745 2.00
2.80 0.525000 2794745 2.11
2.80 0.550000 2794745 2.22
2.81 0.575000 3301474 2.35
2.81 0.600000 3301474 2.50
2.81 0.625000 3301474 2.67
2.81 0.650000 3301474 2.86
2.83 0.675000 3748179 3.08
2.83 0.700000 3748179 3.33
2.83 0.725000 3748179 3.64
2.85 0.750000 4028576 4.00
2.85 0.762500 4028576 4.21
2.85 0.775000 4028576 4.44
2.85 0.787500 4028576 4.71
2.85 0.800000 4028576 5.00
2.86 0.812500 4204518 5.33
2.86 0.825000 4204518 5.71
2.86 0.837500 4204518 6.15
2.88 0.850000 4326843 6.67
2.88 0.862500 4326843 7.27
2.90 0.875000 4410291 8.00
2.90 0.881250 4410291 8.42
2.91 0.887500 4465207 8.89
2.93 0.893750 4499918 9.41
2.94 0.900000 4519216 10.00
2.96 0.906250 4531405 10.67
3.06 0.912500 4563765 11.43
3.15 0.918750 4596768 12.31
3.20 0.925000 4642682 13.33
3.21 0.931250 4690213 14.55
3.21 0.937500 4690213 16.00
3.23 0.940625 4743489 16.84
3.23 0.943750 4743489 17.78
3.23 0.946875 4743489 18.82
3.25 0.950000 4782154 20.00
3.25 0.953125 4782154 21.33
3.25 0.956250 4782154 22.86
3.26 0.959375 4822781 24.62
3.26 0.962500 4822781 26.67
3.28 0.965625 4869047 29.09
3.28 0.968750 4869047 32.00
3.28 0.970313 4869047 33.68
3.28 0.971875 4869047 35.56
3.28 0.973437 4869047 37.65
3.29 0.975000 4896964 40.00
3.29 0.976562 4896964 42.67
3.29 0.978125 4896964 45.71
3.31 0.979688 4907371 49.23
3.31 0.981250 4907371 53.33
3.34 0.982812 4919250 58.18
3.36 0.984375 4923833 64.00
3.38 0.985156 4928453 67.37
3.39 0.985938 4934250 71.11
3.39 0.986719 4934250 75.29
3.41 0.987500 4941515 80.00
3.41 0.988281 4941515 85.33
3.42 0.989062 4947829 91.43
3.44 0.989844 4952947 98.46
3.46 0.990625 4956506 106.67
3.47 0.991406 4959446 116.36
3.49 0.992188 4961913 128.00
3.50 0.992578 4963504 134.74
3.55 0.992969 4965053 142.22
3.68 0.993359 4966837 150.59
4.05 0.993750 4968776 160.00
4.32 0.994141 4970727 170.67
4.70 0.994531 4972703 182.86
5.38 0.994922 4974610 196.92
6.43 0.995313 4976602 213.33
7.55 0.995703 4978551 232.73
8.70 0.996094 4980469 256.00
9.34 0.996289 4981521 269.47
9.92 0.996484 4982495 284.44
10.49 0.996680 4983507 301.18
11.01 0.996875 4984393 320.00
11.58 0.997070 4985436 341.33
12.03 0.997266 4986362 365.71
12.41 0.997461 4987379 393.85
12.93 0.997656 4988326 426.67
13.57 0.997852 4989309 465.45
14.21 0.998047 4990298 512.00
14.53 0.998145 4990795 538.95
14.85 0.998242 4991298 568.89
15.17 0.998340 4991799 602.35
15.49 0.998437 4992301 640.00
15.74 0.998535 4992694 682.67
16.06 0.998633 4993196 731.43
16.38 0.998730 4993683 787.69
16.77 0.998828 4994237 853.33
17.15 0.998926 4994793 930.91
17.41 0.999023 4995129 1024.00
17.66 0.999072 4995451 1077.89
17.92 0.999121 4995727 1137.78
18.18 0.999170 4995948 1204.71
18.43 0.999219 4996124 1280.00
18.82 0.999268 4996338 1365.33
19.45 0.999316 4996593 1462.86
20.35 0.999365 4996849 1575.38
21.25 0.999414 4997081 1706.67
22.27 0.999463 4997322 1861.82
23.30 0.999512 4997565 2048.00
23.81 0.999536 4997690 2155.79
24.32 0.999561 4997809 2275.56
24.83 0.999585 4997931 2409.41
25.34 0.999609 4998062 2560.00
25.86 0.999634 4998195 2730.67
26.24 0.999658 4998296 2925.71
26.75 0.999683 4998417 3150.77
27.26 0.999707 4998547 3413.33
27.77 0.999731 4998682 3723.64
28.29 0.999756 4998798 4096.00
28.54 0.999768 4998875 4311.58
28.67 0.999780 4998907 4551.11
29.05 0.999792 4998999 4818.82
29.18 0.999805 4999037 5120.00
29.44 0.999817 4999097 5461.33
29.70 0.999829 4999158 5851.43
29.95 0.999841 4999230 6301.54
30.21 0.999854 4999286 6826.67
30.46 0.999866 4999358 7447.27
30.59 0.999878 4999393 8192.00
30.72 0.999884 4999423 8623.16
30.98 0.999890 4999483 9102.22
30.98 0.999896 4999483 9637.65
31.10 0.999902 4999513 10240.00
31.23 0.999908 4999545 10922.67
31.36 0.999915 4999573 11702.86
31.61 0.999921 4999626 12603.08
31.74 0.999927 4999660 13653.33
31.87 0.999933 4999682 14894.55
32.00 0.999939 4999703 16384.00
32.13 0.999942 4999731 17246.32
32.13 0.999945 4999731 18204.44
32.26 0.999948 4999750 19275.29
32.38 0.999951 4999768 20480.00
32.51 0.999954 4999790 21845.33
32.51 0.999957 4999790 23405.71
32.64 0.999960 4999807 25206.15
32.77 0.999963 4999831 27306.67
33.02 0.999966 4999860 29789.09
33.02 0.999969 4999860 32768.00
33.02 0.999971 4999860 34492.63
33.28 0.999973 4999884 36408.89
33.28 0.999974 4999884 38550.59
33.28 0.999976 4999884 40960.00
33.53 0.999977 4999913 43690.67
33.53 0.999979 4999913 46811.43
33.53 0.999980 4999913 50412.31
33.53 0.999982 4999913 54613.33
33.79 0.999983 4999923 59578.18
34.05 0.999985 4999933 65536.00
34.05 0.999986 4999933 68985.26
34.05 0.999986 4999933 72817.78
34.30 0.999987 4999943 77101.18
34.30 0.999988 4999943 81920.00
34.30 0.999989 4999943 87381.33
34.56 0.999989 4999951 93622.86
34.56 0.999990 4999951 100824.62
34.81 0.999991 4999964 109226.67
34.81 0.999992 4999964 119156.36
34.81 0.999992 4999964 131072.00
34.81 0.999993 4999964 137970.53
35.07 0.999993 4999970 145635.56
35.07 0.999994 4999970 154202.35
35.07 0.999994 4999970 163840.00
35.33 0.999994 4999976 174762.67
35.33 0.999995 4999976 187245.71
35.33 0.999995 4999976 201649.23
35.58 0.999995 4999982 218453.33
35.58 0.999996 4999982 238312.73
35.58 0.999996 4999982 262144.00
35.58 0.999996 4999982 275941.05
35.84 0.999997 4999985 291271.11
35.84 0.999997 4999985 308404.71
35.84 0.999997 4999985 327680.00
36.09 0.999997 4999989 349525.33
36.09 0.999997 4999989 374491.43
36.09 0.999998 4999989 403298.46
36.09 0.999998 4999989 436906.67
36.86 0.999998 4999990 476625.45
206.85 0.999998 4999993 524288.00
206.85 0.999998 4999993 551882.11
206.85 0.999998 4999993 582542.22
206.85 0.999998 4999993 616809.41
206.85 0.999998 4999993 655360.00
206.85 0.999999 4999993 699050.67
207.87 0.999999 4999994 748982.86
207.87 0.999999 4999994 806596.92
209.92 0.999999 4999995 873813.33
209.92 0.999999 4999995 953250.91
211.97 0.999999 4999997 1048576.00
211.97 0.999999 4999997 1103764.21
211.97 0.999999 4999997 1165084.44
211.97 0.999999 4999997 1233618.82
211.97 0.999999 4999997 1310720.00
211.97 0.999999 4999997 1398101.33
211.97 0.999999 4999997 1497965.71
211.97 0.999999 4999997 1613193.85
212.99 0.999999 5000000 1747626.67
212.99 1.000000 5000000 inf
