       Value   Percentile   TotalCount 1/(1-Percentile)

        0.06     0.000000            1         1.00
        1.46     0.050000         9761         1.05
        1.49     0.100000        19921         1.11
        1.50     0.150000        31413         1.18
        1.51     0.200000        38483         1.25
        1.52     0.250000        46674         1.33
        1.53     0.300000        55514         1.43
        1.53     0.350000        64876         1.54
        1.54     0.400000        74465         1.67
        1.55     0.450000        83828         1.82
        1.56     0.500000        92764         2.00
        1.57     0.525000       101007         2.11
        1.57     0.550000       101007         2.22
        1.57     0.575000       108274         2.35
        1.58     0.600000       114601         2.50
        1.58     0.625000       114601         2.67
        1.59     0.650000       120105         2.86
        1.60     0.675000       124351         3.08
        1.61     0.700000       127838         3.33
        1.62     0.725000       132987         3.64
        1.65     0.750000       136970         4.00
        1.68     0.762500       138968         4.21
        1.88     0.775000       141153         4.44
        1.94     0.787500       143518         4.71
        1.98     0.800000       145937         5.00
        2.02     0.812500       148377         5.33
        2.04     0.825000       150497         5.71
        2.06     0.837500       152809         6.15
        2.10     0.850000       156082         6.67
        2.11     0.862500       157782         7.27
        2.13     0.875000       159549         8.00
        2.14     0.881250       161329         8.42
        2.16     0.887500       162941         8.89
        2.16     0.893750       162941         9.41
        2.17     0.900000       164570        10.00
        2.19     0.906250       166092        10.67
        2.19     0.912500       166092        11.43
        2.21     0.918750       167447        12.31
        2.22     0.925000       168697        13.33
        2.24     0.931250       169692        14.55
        2.27     0.937500       171189        16.00
        2.29     0.940625       171690        16.84
        2.30     0.943750       172079        17.78
        2.32     0.946875       172342        18.82
        2.48     0.950000       172903        20.00
        2.78     0.953125       173527        21.33
        2.81     0.956250       174067        22.86
        2.85     0.959375       174878        24.62
        2.86     0.962500       175379        26.67
        2.88     0.965625       175878        29.09
        2.90     0.968750       176399        32.00
        2.91     0.970313       176966        33.68
        2.91     0.971875       176966        35.56
        2.93     0.973437       177576        37.65
        2.93     0.975000       177576        40.00
        2.94     0.976562       178159        42.67
        2.94     0.978125       178159        45.71
        2.96     0.979688       178707        49.23
        2.96     0.981250       178707        53.33
        2.98     0.982812       179224        58.18
        2.98     0.984375       179224        64.00
        2.99     0.985156       179658        67.37
        2.99     0.985938       179658        71.11
        2.99     0.986719       179658        75.29
        3.01     0.987500       180060        80.00
        3.01     0.988281       180060        85.33
        3.01     0.989062       180060        91.43
        3.02     0.989844       180365        98.46
        3.02     0.990625       180365       106.67
        3.04     0.991406       180635       116.36
        3.04     0.992188       180635       128.00
        3.06     0.992578       180848       134.74
        3.06     0.992969       180848       142.22
        3.06     0.993359       180848       150.59
        3.07     0.993750       180999       160.00
        3.07     0.994141       180999       170.67
        3.09     0.994531       181130       182.86
        3.09     0.994922       181130       196.92
        3.10     0.995313       181215       213.33
        3.12     0.995703       181268       232.73
        3.13     0.996094       181312       256.00
        3.15     0.996289       181333       269.47
        3.20     0.996484       181361       284.44
        3.38     0.996680       181397       301.18
        3.73     0.996875       181435       320.00
        3.97     0.997070       181468       341.33
        4.16     0.997266       181508       365.71
        4.48     0.997461       181543       393.85
        4.70     0.997656       181574       426.67
        4.96     0.997852       181615       465.45
        5.18     0.998047       181649       512.00
        5.34     0.998145       181667       538.95
        5.50     0.998242       181682       568.89
        5.63     0.998340       181698       602.35
        5.86     0.998437       181719       640.00
        5.95     0.998535       181734       682.67
        6.14     0.998633       181755       731.43
        6.40     0.998730       181771       787.69
        6.91     0.998828       181788       853.33
       10.30     0.998926       181806       930.91
       10.69     0.999023       181824      1024.00
       10.88     0.999072       181833      1077.89
       11.01     0.999121       181847      1137.78
       11.13     0.999170       181851      1204.71
       11.26     0.999219       181861      1280.00
       11.39     0.999268       181869      1365.33
       11.52     0.999316       181876      1462.86
       11.65     0.999365       181889      1575.38
       11.84     0.999414       181894      1706.67
       12.03     0.999463       181904      1861.82
       12.16     0.999512       181917      2048.00
       12.16     0.999536       181917      2155.79
       12.22     0.999561       181921      2275.56
       12.29     0.999585       181926      2409.41
       12.35     0.999609       181930      2560.00
       12.48     0.999634       181937      2730.67
       12.54     0.999658       181940      2925.71
       12.61     0.999683       181943      3150.77
       12.73     0.999707       181948      3413.33
       12.93     0.999731       181953      3723.64
       12.99     0.999756       181956      4096.00
       13.05     0.999768       181960      4311.58
       13.12     0.999780       181964      4551.11
       13.12     0.999792       181964      4818.82
       13.18     0.999805       181969      5120.00
       13.18     0.999817       181969      5461.33
       13.18     0.999829       181969      5851.43
       13.25     0.999841       181972      6301.54
       13.31     0.999854       181976      6826.67
       13.31     0.999866       181976      7447.27
       13.38     0.999878       181979      8192.00
       13.38     0.999884       181979      8623.16
       13.50     0.999890       181984      9102.22
       13.50     0.999896       181984      9637.65
       13.50     0.999902       181984     10240.00
       13.50     0.999908       181984     10922.67
       13.57     0.999915       181987     11702.86
       13.57     0.999921       181987     12603.08
       13.57     0.999927       181987     13653.33
       13.63     0.999933       181990     14894.55
       13.63     0.999939       181990     16384.00
       13.63     0.999942       181990     17246.32
       13.70     0.999945       181991     18204.44
       13.70     0.999948       181991     19275.29
       13.76     0.999951       181992     20480.00
       13.76     0.999954       181992     21845.33
       13.82     0.999957       181993     23405.71
       13.82     0.999960       181993     25206.15
       13.89     0.999963       181994     27306.67
       13.89     0.999966       181994     29789.09
       13.95     0.999969       181995     32768.00
       13.95     0.999971       181995     34492.63
       14.02     0.999973       181996     36408.89
       14.02     0.999974       181996     38550.59
       14.02     0.999976       181996     40960.00
       14.02     0.999977       181996     43690.67
       14.08     0.999979       181998     46811.43
       14.08     0.999980       181998     50412.31
       14.08     0.999982       181998     54613.33
       14.08     0.999983       181998     59578.18
       14.08     0.999985       181998     65536.00
       14.08     0.999986       181998     68985.26
       14.08     0.999986       181998     72817.78
       14.08     0.999987       181998     77101.18
       14.08     0.999988       181998     81920.00
       14.08     0.999989       181998     87381.33
       14.14     0.999989       181999     93622.86
       14.14     0.999990       181999    100824.62
       14.14     0.999991       181999    109226.67
       14.14     0.999992       181999    119156.36
       14.14     0.999992       181999    131072.00
       14.14     0.999993       181999    137970.53
       14.14     0.999993       181999    145635.56
       14.14     0.999994       181999    154202.35
       14.14     0.999994       181999    163840.00
       14.14     0.999994       181999    174762.67
       14.21     0.999995       182000    187245.71
       14.21     1.000000       182000          inf
#[Mean    =        1.718, StdDeviation   =        0.520]
#[Max     =       14.207, Total count    =       182000]
#[Buckets =           10, SubBuckets     =          256]
