       Value   Percentile   TotalCount 1/(1-Percentile)

        0.06     0.000000           11         1.00
        1.46     0.050000        99333         1.05
        1.49     0.100000       202320         1.11
        1.50     0.150000       317831         1.18
        1.51     0.200000       390459         1.25
        1.52     0.250000       472208         1.33
        1.53     0.300000       561751         1.43
        1.53     0.350000       656713         1.54
        1.54     0.400000       753455         1.67
        1.55     0.450000       847354         1.82
        1.56     0.500000       936216         2.00
        1.57     0.525000      1017558         2.11
        1.57     0.550000      1017558         2.22
        1.57     0.575000      1089761         2.35
        1.58     0.600000      1152481         2.50
        1.58     0.625000      1152481         2.67
        1.59     0.650000      1204923         2.86
        1.60     0.675000      1247697         3.08
        1.61     0.700000      1282645         3.33
        1.62     0.725000      1332451         3.64
        1.65     0.750000      1372092         4.00
        1.67     0.762500      1388652         4.21
        1.86     0.775000      1410155         4.44
        1.94     0.787500      1433384         4.71
        1.98     0.800000      1455474         5.00
        2.01     0.812500      1478850         5.33
        2.04     0.825000      1506376         5.71
        2.06     0.837500      1529171         6.15
        2.08     0.850000      1545549         6.67
        2.11     0.862500      1579319         7.27
        2.13     0.875000      1596490         8.00
        2.14     0.881250      1613568         8.42
        2.14     0.887500      1613568         8.89
        2.16     0.893750      1630161         9.41
        2.17     0.900000      1645916        10.00
        2.19     0.906250      1660803        10.67
        2.19     0.912500      1660803        11.43
        2.21     0.918750      1674096        12.31
        2.22     0.925000      1685774        13.33
        2.24     0.931250      1695806        14.55
        2.27     0.937500      1710360        16.00
        2.27     0.940625      1710360        16.84
        2.30     0.943750      1719028        17.78
        2.32     0.946875      1721583        18.82
        2.45     0.950000      1727247        20.00
        2.77     0.953125      1733586        21.33
        2.81     0.956250      1740620        22.86
        2.85     0.959375      1748199        24.62
        2.86     0.962500      1752845        26.67
        2.88     0.965625      1757982        29.09
        2.90     0.968750      1763538        32.00
        2.91     0.970313      1769360        33.68
        2.91     0.971875      1769360        35.56
        2.93     0.973437      1775343        37.65
        2.93     0.975000      1775343        40.00
        2.94     0.976562      1781288        42.67
        2.94     0.978125      1781288        45.71
        2.94     0.979688      1781288        49.23
        2.96     0.981250      1786847        53.33
        2.96     0.982812      1786847        58.18
        2.98     0.984375      1792004        64.00
        2.98     0.985156      1792004        67.37
        2.99     0.985938      1796636        71.11
        2.99     0.986719      1796636        75.29
        2.99     0.987500      1796636        80.00
        3.01     0.988281      1800586        85.33
        3.01     0.989062      1800586        91.43
        3.01     0.989844      1800586        98.46
        3.02     0.990625      1803842       106.67
        3.02     0.991406      1803842       116.36
        3.02     0.992188      1803842       128.00
        3.04     0.992578      1806492       134.74
        3.04     0.992969      1806492       142.22
        3.04     0.993359      1806492       150.59
        3.06     0.993750      1808498       160.00
        3.06     0.994141      1808498       170.67
        3.06     0.994531      1808498       182.86
        3.07     0.994922      1810018       196.92
        3.07     0.995313      1810018       213.33
        3.09     0.995703      1811106       232.73
        3.09     0.996094      1811106       256.00
        3.10     0.996289      1811863       269.47
        3.10     0.996484      1811863       284.44
        3.12     0.996680      1812402       301.18
        3.12     0.996875      1812402       320.00
        3.13     0.997070      1812757       341.33
        3.17     0.997266      1813122       365.71
        3.23     0.997461      1813386       393.85
        3.44     0.997656      1813764       426.67
        3.63     0.997852      1814102       465.45
        3.87     0.998047      1814469       512.00
        4.00     0.998145      1814637       538.95
        4.13     0.998242      1814818       568.89
        4.25     0.998340      1814988       602.35
        4.38     0.998437      1815166       640.00
        4.54     0.998535      1815372       682.67
        4.67     0.998633      1815542       731.43
        4.80     0.998730      1815716       787.69
        4.93     0.998828      1815887       853.33
        5.05     0.998926      1816066       930.91
        5.21     0.999023      1816244      1024.00
        5.28     0.999072      1816346      1077.89
        5.34     0.999121      1816445      1137.78
        5.38     0.999170      1816500      1204.71
        5.44     0.999219      1816597      1280.00
        5.50     0.999268      1816695      1365.33
        5.57     0.999316      1816773      1462.86
        5.63     0.999365      1816858      1575.38
        5.73     0.999414      1816968      1706.67
        5.79     0.999463      1817036      1861.82
        5.89     0.999512      1817144      2048.00
        5.92     0.999536      1817175      2155.79
        5.95     0.999561      1817221      2275.56
        5.98     0.999585      1817255      2409.41
        6.01     0.999609      1817292      2560.00
        6.08     0.999634      1817362      2730.67
        6.11     0.999658      1817396      2925.71
        6.17     0.999683      1817448      3150.77
        6.21     0.999707      1817468      3413.33
        6.27     0.999731      1817525      3723.64
        6.33     0.999756      1817566      4096.00
        6.37     0.999768      1817589      4311.58
        6.40     0.999780      1817607      4551.11
        6.43     0.999792      1817635      4818.82
        6.46     0.999805      1817661      5120.00
        6.50     0.999817      1817684      5461.33
        6.53     0.999829      1817699      5851.43
        6.56     0.999841      1817720      6301.54
        6.59     0.999854      1817736      6826.67
        6.66     0.999866      1817765      7447.27
        6.72     0.999878      1817787      8192.00
        6.75     0.999884      1817798      8623.16
        6.78     0.999890      1817811      9102.22
        6.82     0.999896      1817818      9637.65
        6.85     0.999902      1817831     10240.00
        6.88     0.999908      1817837     10922.67
        6.94     0.999915      1817854     11702.86
        6.97     0.999921      1817865     12603.08
        7.01     0.999927      1817872     13653.33
        7.04     0.999933      1817881     14894.55
        7.10     0.999939      1817895     16384.00
        7.10     0.999942      1817895     17246.32
        7.13     0.999945      1817902     18204.44
        7.17     0.999948      1817908     19275.29
        7.20     0.999951      1817914     20480.00
        7.23     0.999954      1817921     21845.33
        7.26     0.999957      1817924     23405.71
        7.29     0.999960      1817930     25206.15
        7.33     0.999963      1817937     27306.67
        7.36     0.999966      1817941     29789.09
        7.42     0.999969      1817951     32768.00
        7.42     0.999971      1817951     34492.63
        7.42     0.999973      1817951     36408.89
        7.46     0.999974      1817958     38550.59
        7.46     0.999976      1817958     40960.00
        7.49     0.999977      1817959     43690.67
        7.52     0.999979      1817963     46811.43
        7.55     0.999980      1817964     50412.31
        7.62     0.999982      1817967     54613.33
        7.68     0.999983      1817975     59578.18
        7.68     0.999985      1817975     65536.00
        7.68     0.999986      1817975     68985.26
        7.71     0.999986      1817976     72817.78
        7.78     0.999987      1817979     77101.18
        7.78     0.999988      1817979     81920.00
        7.81     0.999989      1817983     87381.33
        7.81     0.999989      1817983     93622.86
        7.81     0.999990      1817983    100824.62
        7.84     0.999991      1817985    109226.67
        7.84     0.999992      1817985    119156.36
        7.87     0.999992      1817987    131072.00
        7.87     0.999993      1817987    137970.53
        7.93     0.999993      1817988    145635.56
        7.97     0.999994      1817990    154202.35
        7.97     0.999994      1817990    163840.00
        7.97     0.999994      1817990    174762.67
        8.03     0.999995      1817991    187245.71
        8.03     0.999995      1817991    201649.23
        8.06     0.999995      1817992    218453.33
        8.10     0.999996      1817993    238312.73
        8.26     0.999996      1817995    262144.00
        8.26     0.999996      1817995    275941.05
        8.26     0.999997      1817995    291271.11
        8.26     0.999997      1817995    308404.71
        8.26     0.999997      1817995    327680.00
        8.26     0.999997      1817995    349525.33
        8.32     0.999997      1817996    374491.43
        8.32     0.999998      1817996    403298.46
        8.32     0.999998      1817996    436906.67
        8.38     0.999998      1817998    476625.45
        8.38     0.999998      1817998    524288.00
        8.38     0.999998      1817998    551882.11
        8.38     0.999998      1817998    582542.22
        8.38     0.999998      1817998    616809.41
        8.38     0.999998      1817998    655360.00
        8.38     0.999999      1817998    699050.67
        8.38     0.999999      1817998    748982.86
        8.38     0.999999      1817998    806596.92
        8.38     0.999999      1817998    873813.33
        8.51     0.999999      1817999    953250.91
        8.51     0.999999      1817999   1048576.00
        8.51     0.999999      1817999   1103764.21
        8.51     0.999999      1817999   1165084.44
        8.51     0.999999      1817999   1233618.82
        8.51     0.999999      1817999   1310720.00
        8.51     0.999999      1817999   1398101.33
        8.51     0.999999      1817999   1497965.71
        8.51     0.999999      1817999   1613193.85
        8.51     0.999999      1817999   1747626.67
        8.64     0.999999      1818000   1906501.82
        8.64     1.000000      1818000          inf
#[Mean    =        1.707, StdDeviation   =        0.395]
#[Max     =        8.639, Total count    =      1818000]
#[Buckets =           10, SubBuckets     =          256]
