       Value   Percentile   TotalCount 1/(1-Percentile)

        0.06     0.000000           14         1.00
        2.77     0.050000       251505         1.05
        2.81     0.100000       479375         1.11
        2.85     0.150000       923415         1.18
        2.85     0.200000       923415         1.25
        2.86     0.250000      1208515         1.33
        2.88     0.300000      1467318         1.43
        2.90     0.350000      1686343         1.54
        2.91     0.400000      1915321         1.67
        2.93     0.450000      2081966         1.82
        2.96     0.500000      2293365         2.00
        2.99     0.525000      2413299         2.11
        3.10     0.550000      2500019         2.22
        3.21     0.575000      2619667         2.35
        3.23     0.600000      2744026         2.50
        3.25     0.625000      2867323         2.67
        3.26     0.650000      3001887         2.86
        3.28     0.675000      3150257         3.08
        3.29     0.700000      3369921         3.33
        3.29     0.725000      3369921         3.64
        3.31     0.750000      3634584         4.00
        3.31     0.762500      3634584         4.21
        3.31     0.775000      3634584         4.44
        3.31     0.787500      3634584         4.71
        3.33     0.800000      3848829         5.00
        3.33     0.812500      3848829         5.33
        3.33     0.825000      3848829         5.71
        3.33     0.837500      3848829         6.15
        3.34     0.850000      3994623         6.67
        3.34     0.862500      3994623         7.27
        3.34     0.875000      3994623         8.00
        3.36     0.881250      4098011         8.42
        3.36     0.887500      4098011         8.89
        3.36     0.893750      4098011         9.41
        3.36     0.900000      4098011        10.00
        3.38     0.906250      4208427        10.67
        3.38     0.912500      4208427        11.43
        3.38     0.918750      4208427        12.31
        3.38     0.925000      4208427        13.33
        3.39     0.931250      4303458        14.55
        3.39     0.937500      4303458        16.00
        3.39     0.940625      4303458        16.84
        3.39     0.943750      4303458        17.78
        3.41     0.946875      4366894        18.82
        3.41     0.950000      4366894        20.00
        3.41     0.953125      4366894        21.33
        3.41     0.956250      4366894        22.86
        3.41     0.959375      4366894        24.62
        3.42     0.962500      4407654        26.67
        3.42     0.965625      4407654        29.09
        3.42     0.968750      4407654        32.00
        3.44     0.970313      4435342        33.68
        3.44     0.971875      4435342        35.56
        3.44     0.973437      4435342        37.65
        3.44     0.975000      4435342        40.00
        3.46     0.976562      4450970        42.67
        3.46     0.978125      4450970        45.71
        3.47     0.979688      4459496        49.23
        3.49     0.981250      4468106        53.33
        3.49     0.982812      4468106        58.18
        3.52     0.984375      4478099        64.00
        3.52     0.985156      4478099        67.37
        3.54     0.985938      4487860        71.11
        3.54     0.986719      4487860        75.29
        3.55     0.987500      4497615        80.00
        3.55     0.988281      4497615        85.33
        3.55     0.989062      4497615        91.43
        3.57     0.989844      4501628        98.46
        3.58     0.990625      4503376       106.67
        3.63     0.991406      4506533       116.36
        3.69     0.992188      4509865       128.00
        3.84     0.992578      4511417       134.74
        4.03     0.992969      4513189       142.22
        4.19     0.993359      4514821       150.59
        4.45     0.993750      4516622       160.00
        4.83     0.994141      4518416       170.67
        5.57     0.994531      4520163       182.86
        6.46     0.994922      4521946       196.92
        7.46     0.995313      4523756       213.33
        8.45     0.995703      4525523       232.73
        9.47     0.996094      4527333       256.00
        9.92     0.996289      4528151       269.47
       10.43     0.996484      4529093       284.44
       10.88     0.996680      4529942       301.18
       11.39     0.996875      4530866       320.00
       11.84     0.997070      4531758       341.33
       12.29     0.997266      4532636       365.71
       12.73     0.997461      4533522       393.85
       13.12     0.997656      4534426       426.67
       13.38     0.997852      4535250       465.45
       13.89     0.998047      4536160       512.00
       14.14     0.998145      4536624       538.95
       14.40     0.998242      4537081       568.89
       14.65     0.998340      4537541       602.35
       14.91     0.998437      4537998       640.00
       15.10     0.998535      4538351       682.67
       15.36     0.998633      4538802       731.43
       15.62     0.998730      4539269       787.69
       15.87     0.998828      4539712       853.33
       16.13     0.998926      4540162       930.91
       16.38     0.999023      4540598      1024.00
       16.51     0.999072      4540811      1077.89
       16.64     0.999121      4541022      1137.78
       16.77     0.999170      4541231      1204.71
       17.02     0.999219      4541621      1280.00
       17.15     0.999268      4541839      1365.33
       17.28     0.999316      4542037      1462.86
       17.41     0.999365      4542219      1575.38
       17.54     0.999414      4542413      1706.67
       17.66     0.999463      4542591      1861.82
       17.92     0.999512      4542898      2048.00
       17.92     0.999536      4542898      2155.79
       18.05     0.999561      4543043      2275.56
       18.18     0.999585      4543185      2409.41
       18.30     0.999609      4543291      2560.00
       18.43     0.999634      4543383      2730.67
       18.56     0.999658      4543467      2925.71
       18.82     0.999683      4543607      3150.77
       19.07     0.999707      4543722      3413.33
       19.33     0.999731      4543804      3723.64
       19.71     0.999756      4543891      4096.00
       20.09     0.999768      4543959      4311.58
       20.48     0.999780      4544010      4551.11
       20.99     0.999792      4544061      4818.82
       21.63     0.999805      4544119      5120.00
       22.27     0.999817      4544174      5461.33
       22.78     0.999829      4544224      5851.43
       23.55     0.999841      4544279      6301.54
       24.19     0.999854      4544340      6826.67
       24.83     0.999866      4544396      7447.27
       25.47     0.999878      4544446      8192.00
       25.98     0.999884      4544481      8623.16
       26.24     0.999890      4544503      9102.22
       26.62     0.999896      4544529      9637.65
       27.01     0.999902      4544563     10240.00
       27.39     0.999908      4544588     10922.67
       27.77     0.999915      4544619     11702.86
       28.16     0.999921      4544643     12603.08
       28.54     0.999927      4544675     13653.33
       28.93     0.999933      4544704     14894.55
       29.31     0.999939      4544729     16384.00
       29.44     0.999942      4544740     17246.32
       29.70     0.999945      4544758     18204.44
       29.82     0.999948      4544768     19275.29
       30.08     0.999951      4544783     20480.00
       30.21     0.999954      4544795     21845.33
       30.46     0.999957      4544816     23405.71
       30.59     0.999960      4544823     25206.15
       30.85     0.999963      4544839     27306.67
       30.98     0.999966      4544852     29789.09
       31.23     0.999969      4544867     32768.00
       31.36     0.999971      4544876     34492.63
       31.36     0.999973      4544876     36408.89
       31.49     0.999974      4544886     38550.59
       31.61     0.999976      4544892     40960.00
       31.74     0.999977      4544902     43690.67
       31.87     0.999979      4544908     46811.43
       32.00     0.999980      4544916     50412.31
       32.13     0.999982      4544922     54613.33
       32.26     0.999983      4544926     59578.18
       32.38     0.999985      4544934     65536.00
       32.51     0.999986      4544938     68985.26
       32.51     0.999986      4544938     72817.78
       32.64     0.999987      4544943     77101.18
       32.77     0.999988      4544950     81920.00
       32.77     0.999989      4544950     87381.33
       33.02     0.999989      4544957     93622.86
       33.02     0.999990      4544957    100824.62
       33.28     0.999991      4544964    109226.67
       33.28     0.999992      4544964    119156.36
       33.53     0.999992      4544972    131072.00
       33.53     0.999993      4544972    137970.53
       33.53     0.999993      4544972    145635.56
       33.53     0.999994      4544972    154202.35
       33.79     0.999994      4544979    163840.00
       33.79     0.999994      4544979    174762.67
       33.79     0.999995      4544979    187245.71
       33.79     0.999995      4544979    201649.23
       34.05     0.999995      4544982    218453.33
       34.05     0.999996      4544982    238312.73
       34.30     0.999996      4544987    262144.00
       34.30     0.999996      4544987    275941.05
       34.30     0.999997      4544987    291271.11
       34.30     0.999997      4544987    308404.71
       34.30     0.999997      4544987    327680.00
       34.30     0.999997      4544987    349525.33
       34.56     0.999997      4544988    374491.43
       34.81     0.999998      4544989    403298.46
       35.58     0.999998      4544991    436906.67
       35.58     0.999998      4544991    476625.45
       36.09     0.999998      4544992    524288.00
       36.09     0.999998      4544992    551882.11
      205.82     0.999998      4544995    582542.22
      205.82     0.999998      4544995    616809.41
      205.82     0.999998      4544995    655360.00
      205.82     0.999999      4544995    699050.67
      205.82     0.999999      4544995    748982.86
      205.82     0.999999      4544995    806596.92
      205.82     0.999999      4544995    873813.33
      208.90     0.999999      4545000    953250.91
      208.90     1.000000      4545000          inf
#[Mean    =        3.112, StdDeviation   =        0.866]
#[Max     =      208.895, Total count    =      4545000]
#[Buckets =           10, SubBuckets     =          256]
