       Value   Percentile   TotalCount 1/(1-Percentile)

        0.06     0.000000            1         1.00
        2.94     0.050000       254976         1.05
        2.98     0.100000       572707         1.11
        2.99     0.150000       833547         1.18
        3.01     0.200000      1125387         1.25
        3.02     0.250000      1441601         1.33
        3.04     0.300000      1807007         1.43
        3.04     0.350000      1807007         1.54
        3.06     0.400000      2220560         1.67
        3.07     0.450000      2638353         1.82
        3.07     0.500000      2638353         2.00
        3.07     0.525000      2638353         2.11
        3.09     0.550000      3029290         2.22
        3.09     0.575000      3029290         2.35
        3.09     0.600000      3029290         2.50
        3.10     0.625000      3380548         2.67
        3.10     0.650000      3380548         2.86
        3.10     0.675000      3380548         3.08
        3.12     0.700000      3654992         3.33
        3.12     0.725000      3654992         3.64
        3.13     0.750000      3848031         4.00
        3.13     0.762500      3848031         4.21
        3.15     0.775000      3979848         4.44
        3.15     0.787500      3979848         4.71
        3.17     0.800000      4080851         5.00
        3.17     0.812500      4080851         5.33
        3.18     0.825000      4159597         5.71
        3.20     0.837500      4213877         6.15
        3.23     0.850000      4259113         6.67
        3.39     0.862500      4331186         7.27
        3.42     0.875000      4398717         8.00
        3.44     0.881250      4477430         8.42
        3.44     0.887500      4477430         8.89
        3.44     0.893750      4477430         9.41
        3.46     0.900000      4587124        10.00
        3.46     0.906250      4587124        10.67
        3.46     0.912500      4587124        11.43
        3.47     0.918750      4695070        12.31
        3.47     0.925000      4695070        13.33
        3.47     0.931250      4695070        14.55
        3.47     0.937500      4695070        16.00
        3.49     0.940625      4774253        16.84
        3.49     0.943750      4774253        17.78
        3.49     0.946875      4774253        18.82
        3.49     0.950000      4774253        20.00
        3.49     0.953125      4774253        21.33
        3.50     0.956250      4824993        22.86
        3.50     0.959375      4824993        24.62
        3.50     0.962500      4824993        26.67
        3.52     0.965625      4853439        29.09
        3.52     0.968750      4853439        32.00
        3.52     0.970313      4853439        33.68
        3.54     0.971875      4867977        35.56
        3.54     0.973437      4867977        37.65
        3.55     0.975000      4875372        40.00
        3.62     0.976562      4884105        42.67
        3.68     0.978125      4895595        45.71
        3.69     0.979688      4904432        49.23
        3.71     0.981250      4914996        53.33
        3.71     0.982812      4914996        58.18
        3.73     0.984375      4926838        64.00
        3.73     0.985156      4926838        67.37
        3.74     0.985938      4939014        71.11
        3.74     0.986719      4939014        75.29
        3.74     0.987500      4939014        80.00
        3.76     0.988281      4948943        85.33
        3.76     0.989062      4948943        91.43
        3.77     0.989844      4955371        98.46
        3.77     0.990625      4955371       106.67
        3.79     0.991406      4959110       116.36
        3.81     0.992188      4961108       128.00
        3.84     0.992578      4963578       134.74
        3.90     0.992969      4964894       142.22
        4.25     0.993359      4967077       150.59
        4.61     0.993750      4968858       160.00
        4.93     0.994141      4970858       170.67
        5.66     0.994531      4972690       182.86
        6.59     0.994922      4974677       196.92
        7.55     0.995313      4976568       213.33
        8.57     0.995703      4978546       232.73
        9.60     0.996094      4980491       256.00
       10.11     0.996289      4981476       269.47
       10.62     0.996484      4982422       284.44
       11.20     0.996680      4983512       301.18
       11.65     0.996875      4984457       320.00
       12.10     0.997070      4985418       341.33
       12.48     0.997266      4986424       365.71
       12.80     0.997461      4987416       393.85
       13.31     0.997656      4988313       426.67
       13.89     0.997852      4989365       465.45
       14.40     0.998047      4990254       512.00
       14.65     0.998145      4990724       538.95
       14.97     0.998242      4991311       568.89
       15.23     0.998340      4991774       602.35
       15.49     0.998437      4992249       640.00
       15.74     0.998535      4992716       682.67
       16.00     0.998633      4993215       731.43
       16.32     0.998730      4993767       787.69
       16.64     0.998828      4994283       853.33
       16.89     0.998926      4994681       930.91
       17.28     0.999023      4995270      1024.00
       17.41     0.999072      4995446      1077.89
       17.54     0.999121      4995610      1137.78
       17.79     0.999170      4995967      1204.71
       17.92     0.999219      4996144      1280.00
       18.18     0.999268      4996400      1365.33
       18.43     0.999316      4996630      1462.86
       18.82     0.999365      4996842      1575.38
       19.45     0.999414      4997071      1706.67
       20.48     0.999463      4997328      1861.82
       21.63     0.999512      4997568      2048.00
       22.27     0.999536      4997697      2155.79
       22.78     0.999561      4997812      2275.56
       23.42     0.999585      4997945      2409.41
       24.06     0.999609      4998078      2560.00
       24.57     0.999634      4998173      2730.67
       25.21     0.999658      4998307      2925.71
       25.73     0.999683      4998415      3150.77
       26.37     0.999707      4998554      3413.33
       26.88     0.999731      4998664      3723.64
       27.52     0.999756      4998793      4096.00
       27.77     0.999768      4998847      4311.58
       28.16     0.999780      4998921      4551.11
       28.41     0.999792      4998982      4818.82
       28.80     0.999805      4999056      5120.00
       28.93     0.999817      4999093      5461.33
       29.31     0.999829      4999168      5851.43
       29.57     0.999841      4999217      6301.54
       29.82     0.999854      4999276      6826.67
       30.21     0.999866      4999356      7447.27
       30.34     0.999878      4999390      8192.00
       30.59     0.999884      4999435      8623.16
       30.72     0.999890      4999465      9102.22
       30.85     0.999896      4999496      9637.65
       30.98     0.999902      4999521     10240.00
       31.10     0.999908      4999545     10922.67
       31.36     0.999915      4999596     11702.86
       31.49     0.999921      4999615     12603.08
       31.61     0.999927      4999636     13653.33
       31.87     0.999933      4999689     14894.55
       32.00     0.999939      4999707     16384.00
       32.13     0.999942      4999722     17246.32
       32.26     0.999945      4999741     18204.44
       32.26     0.999948      4999741     19275.29
       32.38     0.999951      4999760     20480.00
       32.51     0.999954      4999783     21845.33
       32.64     0.999957      4999796     23405.71
       32.77     0.999960      4999806     25206.15
       33.02     0.999963      4999846     27306.67
       33.02     0.999966      4999846     29789.09
       33.28     0.999969      4999872     32768.00
       33.28     0.999971      4999872     34492.63
       33.28     0.999973      4999872     36408.89
       33.28     0.999974      4999872     38550.59
       33.53     0.999976      4999896     40960.00
       33.53     0.999977      4999896     43690.67
       33.53     0.999979      4999896     46811.43
       33.79     0.999980      4999918     50412.31
       33.79     0.999982      4999918     54613.33
       33.79     0.999983      4999918     59578.18
       34.05     0.999985      4999936     65536.00
       34.05     0.999986      4999936     68985.26
       34.05     0.999986      4999936     72817.78
       34.05     0.999987      4999936     77101.18
       34.30     0.999988      4999944     81920.00
       34.30     0.999989      4999944     87381.33
       34.56     0.999989      4999957     93622.86
       34.56     0.999990      4999957    100824.62
       34.56     0.999991      4999957    109226.67
       34.81     0.999992      4999965    119156.36
       34.81     0.999992      4999965    131072.00
       34.81     0.999993      4999965    137970.53
       35.07     0.999993      4999974    145635.56
       35.07     0.999994      4999974    154202.35
       35.07     0.999994      4999974    163840.00
       35.07     0.999994      4999974    174762.67
       35.07     0.999995      4999974    187245.71
       35.33     0.999995      4999983    201649.23
       35.33     0.999995      4999983    218453.33
       35.33     0.999996      4999983    238312.73
       35.33     0.999996      4999983    262144.00
       35.33     0.999996      4999983    275941.05
       35.33     0.999997      4999983    291271.11
       35.58     0.999997      4999986    308404.71
       35.58     0.999997      4999986    327680.00
       35.58     0.999997      4999986    349525.33
       35.84     0.999997      4999991    374491.43
       35.84     0.999998      4999991    403298.46
       35.84     0.999998      4999991    436906.67
       35.84     0.999998      4999991    476625.45
       35.84     0.999998      4999991    524288.00
       35.84     0.999998      4999991    551882.11
       36.09     0.999998      4999992    582542.22
       36.09     0.999998      4999992    616809.41
       36.35     0.999998      4999993    655360.00
       36.35     0.999999      4999993    699050.67
      205.82     0.999999      4999997    748982.86
      205.82     0.999999      4999997    806596.92
      205.82     0.999999      4999997    873813.33
      205.82     0.999999      4999997    953250.91
      205.82     0.999999      4999997   1048576.00
      205.82     0.999999      4999997   1103764.21
      205.82     0.999999      4999997   1165084.44
      205.82     0.999999      4999997   1233618.82
      205.82     0.999999      4999997   1310720.00
      205.82     0.999999      4999997   1398101.33
      205.82     0.999999      4999997   1497965.71
      205.82     0.999999      4999997   1613193.85
      209.92     0.999999      4999998   1747626.67
      209.92     0.999999      4999998   1906501.82
      209.92     1.000000      4999998   2097152.00
      209.92     1.000000      4999998   2207528.42
      209.92     1.000000      4999998   2330168.89
      209.92     1.000000      4999998   2467237.65
      210.94     1.000000      5000000   2621440.00
      210.94     1.000000      5000000          inf
#[Mean    =        3.152, StdDeviation   =        0.937]
#[Max     =      210.943, Total count    =      5000000]
#[Buckets =           10, SubBuckets     =          256]
