       Value   Percentile   TotalCount 1/(1-Percentile)

        0.06     0.000000            1         1.00
        2.94     0.050000        25137         1.05
        2.98     0.100000        52954         1.11
        2.99     0.150000        75576         1.18
        3.01     0.200000       101039         1.25
        3.02     0.250000       129030         1.33
        3.04     0.300000       161637         1.43
        3.04     0.350000       161637         1.54
        3.06     0.400000       198147         1.67
        3.07     0.450000       235618         1.82
        3.07     0.500000       235618         2.00
        3.09     0.525000       271268         2.11
        3.09     0.550000       271268         2.22
        3.09     0.575000       271268         2.35
        3.10     0.600000       303934         2.50
        3.10     0.625000       303934         2.67
        3.10     0.650000       303934         2.86
        3.12     0.675000       330179         3.08
        3.12     0.700000       330179         3.33
        3.12     0.725000       330179         3.64
        3.13     0.750000       348479         4.00
        3.13     0.762500       348479         4.21
        3.15     0.775000       360527         4.44
        3.15     0.787500       360527         4.71
        3.17     0.800000       369911         5.00
        3.17     0.812500       369911         5.33
        3.18     0.825000       377407         5.71
        3.20     0.837500       382729         6.15
        3.23     0.850000       387036         6.67
        3.39     0.862500       393943         7.27
        3.42     0.875000       399891         8.00
        3.44     0.881250       406631         8.42
        3.44     0.887500       406631         8.89
        3.46     0.893750       416331         9.41
        3.46     0.900000       416331        10.00
        3.46     0.906250       416331        10.67
        3.46     0.912500       416331        11.43
        3.47     0.918750       426407        12.31
        3.47     0.925000       426407        13.33
        3.47     0.931250       426407        14.55
        3.49     0.937500       433776        16.00
        3.49     0.940625       433776        16.84
        3.49     0.943750       433776        17.78
        3.49     0.946875       433776        18.82
        3.49     0.950000       433776        20.00
        3.49     0.953125       433776        21.33
        3.50     0.956250       438724        22.86
        3.50     0.959375       438724        24.62
        3.50     0.962500       438724        26.67
        3.52     0.965625       441342        29.09
        3.52     0.968750       441342        32.00
        3.54     0.970313       442637        33.68
        3.54     0.971875       442637        35.56
        3.55     0.973437       443367        37.65
        3.57     0.975000       443708        40.00
        3.63     0.976562       444390        42.67
        3.68     0.978125       445495        45.71
        3.69     0.979688       446453        49.23
        3.71     0.981250       447450        53.33
        3.71     0.982812       447450        58.18
        3.73     0.984375       448442        64.00
        3.73     0.985156       448442        67.37
        3.74     0.985938       449481        71.11
        3.74     0.986719       449481        75.29
        3.74     0.987500       449481        80.00
        3.76     0.988281       450452        85.33
        3.76     0.989062       450452        91.43
        3.76     0.989844       450452        98.46
        3.77     0.990625       451052       106.67
        3.79     0.991406       451381       116.36
        3.81     0.992188       451550       128.00
        3.82     0.992578       451701       134.74
        3.85     0.992969       451831       142.22
        4.16     0.993359       451984       150.59
        4.74     0.993750       452161       160.00
        5.34     0.994141       452344       170.67
        6.08     0.994531       452512       182.86
        6.78     0.994922       452693       196.92
        7.55     0.995313       452869       213.33
        8.38     0.995703       453047       232.73
        9.21     0.996094       453235       256.00
        9.73     0.996289       453318       269.47
       10.11     0.996484       453407       284.44
       10.49     0.996680       453490       301.18
       10.94     0.996875       453582       320.00
       11.46     0.997070       453670       341.33
       12.03     0.997266       453766       365.71
       12.48     0.997461       453847       393.85
       13.05     0.997656       453936       426.67
       13.63     0.997852       454029       465.45
       14.21     0.998047       454115       512.00
       14.46     0.998145       454160       538.95
       14.72     0.998242       454205       568.89
       14.97     0.998340       454256       602.35
       15.23     0.998437       454297       640.00
       15.49     0.998535       454345       682.67
       15.74     0.998633       454386       731.43
       16.00     0.998730       454423       787.69
       16.25     0.998828       454477       853.33
       16.51     0.998926       454519       930.91
       16.89     0.999023       454566      1024.00
       17.02     0.999072       454585      1077.89
       17.15     0.999121       454604      1137.78
       17.28     0.999170       454624      1204.71
       17.54     0.999219       454656      1280.00
       17.66     0.999268       454668      1365.33
       17.92     0.999316       454704      1462.86
       18.18     0.999365       454718      1575.38
       18.43     0.999414       454740      1706.67
       18.82     0.999463       454762      1861.82
       19.33     0.999512       454778      2048.00
       19.71     0.999536       454790      2155.79
       20.22     0.999561       454801      2275.56
       20.86     0.999585       454813      2409.41
       21.76     0.999609       454823      2560.00
       22.78     0.999634       454835      2730.67
       23.68     0.999658       454845      2925.71
       24.57     0.999683       454856      3150.77
       25.34     0.999707       454870      3413.33
       25.86     0.999731       454879      3723.64
       26.62     0.999756       454889      4096.00
       27.14     0.999768       454898      4311.58
       27.39     0.999780       454904      4551.11
       27.52     0.999792       454906      4818.82
       28.03     0.999805       454914      5120.00
       28.29     0.999817       454918      5461.33
       28.80     0.999829       454923      5851.43
       29.05     0.999841       454930      6301.54
       29.44     0.999854       454934      6826.67
       29.82     0.999866       454940      7447.27
       29.95     0.999878       454945      8192.00
       30.21     0.999884       454948      8623.16
       30.34     0.999890       454953      9102.22
       30.34     0.999896       454953      9637.65
       30.59     0.999902       454956     10240.00
       30.98     0.999908       454962     10922.67
       30.98     0.999915       454962     11702.86
       31.10     0.999921       454965     12603.08
       31.23     0.999927       454967     13653.33
       31.36     0.999933       454970     14894.55
       31.74     0.999939       454976     16384.00
       31.74     0.999942       454976     17246.32
       31.74     0.999945       454976     18204.44
       31.87     0.999948       454977     19275.29
       32.00     0.999951       454978     20480.00
       32.38     0.999954       454980     21845.33
       32.77     0.999957       454981     23405.71
       33.02     0.999960       454984     25206.15
       33.02     0.999963       454984     27306.67
       33.28     0.999966       454986     29789.09
       33.53     0.999969       454987     32768.00
       33.53     0.999971       454987     34492.63
       33.79     0.999973       454989     36408.89
       33.79     0.999974       454989     38550.59
       33.79     0.999976       454989     40960.00
       34.30     0.999977       454992     43690.67
       34.30     0.999979       454992     46811.43
       34.30     0.999980       454992     50412.31
       34.30     0.999982       454992     54613.33
       34.81     0.999983       454994     59578.18
       34.81     0.999985       454994     65536.00
       34.81     0.999986       454994     68985.26
       34.81     0.999986       454994     72817.78
       35.07     0.999987       454996     77101.18
       35.07     0.999988       454996     81920.00
       35.07     0.999989       454996     87381.33
       35.07     0.999989       454996     93622.86
       35.07     0.999990       454996    100824.62
       35.07     0.999991       454996    109226.67
       35.33     0.999992       454997    119156.36
       35.33     0.999992       454997    131072.00
       35.33     0.999993       454997    137970.53
       35.33     0.999993       454997    145635.56
       35.58     0.999994       454998    154202.35
       35.58     0.999994       454998    163840.00
       35.58     0.999994       454998    174762.67
       35.58     0.999995       454998    187245.71
       35.58     0.999995       454998    201649.23
       35.58     0.999995       454998    218453.33
       35.84     0.999996       455000    238312.73
       35.84     1.000000       455000          inf
#[Mean    =        3.149, StdDeviation   =        0.879]
#[Max     =       35.839, Total count    =       455000]
#[Buckets =           10, SubBuckets     =          256]
