       Value   Percentile   TotalCount 1/(1-Percentile)

        0.06     0.000000            2         1.00
        2.94     0.050000       229839         1.05
        2.98     0.100000       519753         1.11
        2.99     0.150000       757971         1.18
        3.01     0.200000      1024348         1.25
        3.02     0.250000      1312571         1.33
        3.04     0.300000      1645370         1.43
        3.04     0.350000      1645370         1.54
        3.06     0.400000      2022413         1.67
        3.07     0.450000      2402735         1.82
        3.07     0.500000      2402735         2.00
        3.07     0.525000      2402735         2.11
        3.09     0.550000      2758022         2.22
        3.09     0.575000      2758022         2.35
        3.09     0.600000      2758022         2.50
        3.10     0.625000      3076614         2.67
        3.10     0.650000      3076614         2.86
        3.10     0.675000      3076614         3.08
        3.12     0.700000      3324813         3.33
        3.12     0.725000      3324813         3.64
        3.13     0.750000      3499552         4.00
        3.13     0.762500      3499552         4.21
        3.15     0.775000      3619321         4.44
        3.15     0.787500      3619321         4.71
        3.17     0.800000      3710940         5.00
        3.17     0.812500      3710940         5.33
        3.18     0.825000      3782190         5.71
        3.20     0.837500      3831148         6.15
        3.23     0.850000      3872077         6.67
        3.39     0.862500      3937243         7.27
        3.42     0.875000      3998826         8.00
        3.44     0.881250      4070799         8.42
        3.44     0.887500      4070799         8.89
        3.44     0.893750      4070799         9.41
        3.46     0.900000      4170793        10.00
        3.46     0.906250      4170793        10.67
        3.46     0.912500      4170793        11.43
        3.47     0.918750      4268663        12.31
        3.47     0.925000      4268663        13.33
        3.47     0.931250      4268663        14.55
        3.47     0.937500      4268663        16.00
        3.49     0.940625      4340477        16.84
        3.49     0.943750      4340477        17.78
        3.49     0.946875      4340477        18.82
        3.49     0.950000      4340477        20.00
        3.49     0.953125      4340477        21.33
        3.50     0.956250      4386269        22.86
        3.50     0.959375      4386269        24.62
        3.50     0.962500      4386269        26.67
        3.52     0.965625      4412097        29.09
        3.52     0.968750      4412097        32.00
        3.52     0.970313      4412097        33.68
        3.54     0.971875      4425340        35.56
        3.54     0.973437      4425340        37.65
        3.55     0.975000      4432005        40.00
        3.60     0.976562      4438507        42.67
        3.68     0.978125      4450100        45.71
        3.69     0.979688      4457979        49.23
        3.71     0.981250      4467546        53.33
        3.71     0.982812      4467546        58.18
        3.73     0.984375      4478396        64.00
        3.73     0.985156      4478396        67.37
        3.74     0.985938      4489533        71.11
        3.74     0.986719      4489533        75.29
        3.74     0.987500      4489533        80.00
        3.76     0.988281      4498491        85.33
        3.76     0.989062      4498491        91.43
        3.77     0.989844      4504319        98.46
        3.77     0.990625      4504319       106.67
        3.79     0.991406      4507729       116.36
        3.81     0.992188      4509558       128.00
        3.84     0.992578      4511797       134.74
        3.92     0.992969      4513195       142.22
        4.25     0.993359      4515066       150.59
        4.61     0.993750      4516749       160.00
        4.89     0.994141      4518449       170.67
        5.60     0.994531      4520170       182.86
        6.56     0.994922      4521965       196.92
        7.55     0.995313      4523699       213.33
        8.64     0.995703      4525560       232.73
        9.66     0.996094      4527299       256.00
       10.18     0.996289      4528161       269.47
       10.75     0.996484      4529118       284.44
       11.26     0.996680      4530001       301.18
       11.71     0.996875      4530860       320.00
       12.16     0.997070      4531840       341.33
       12.48     0.997266      4532577       365.71
       12.80     0.997461      4533514       393.85
       13.38     0.997656      4534442       426.67
       13.89     0.997852      4535299       465.45
       14.46     0.998047      4536211       512.00
       14.72     0.998145      4536622       538.95
       14.97     0.998242      4537055       568.89
       15.23     0.998340      4537477       602.35
       15.49     0.998437      4537904       640.00
       15.81     0.998535      4538447       682.67
       16.00     0.998633      4538792       731.43
       16.32     0.998730      4539277       787.69
       16.64     0.998828      4539751       853.33
       17.02     0.998926      4540309       930.91
       17.28     0.999023      4540646      1024.00
       17.41     0.999072      4540806      1077.89
       17.66     0.999121      4541142      1137.78
       17.79     0.999170      4541281      1204.71
       18.05     0.999219      4541570      1280.00
       18.18     0.999268      4541682      1365.33
       18.56     0.999316      4541963      1462.86
       18.94     0.999365      4542130      1575.38
       19.71     0.999414      4542355      1706.67
       20.73     0.999463      4542573      1861.82
       21.89     0.999512      4542797      2048.00
       22.40     0.999536      4542902      2155.79
       23.04     0.999561      4543026      2275.56
       23.55     0.999585      4543132      2409.41
       24.06     0.999609      4543227      2560.00
       24.70     0.999634      4543350      2730.67
       25.34     0.999658      4543465      2925.71
       25.86     0.999683      4543568      3150.77
       26.37     0.999707      4543671      3413.33
       27.01     0.999731      4543794      3723.64
       27.65     0.999756      4543915      4096.00
       27.90     0.999768      4543962      4311.58
       28.16     0.999780      4544007      4551.11
       28.41     0.999792      4544064      4818.82
       28.80     0.999805      4544133      5120.00
       29.05     0.999817      4544180      5461.33
       29.31     0.999829      4544235      5851.43
       29.57     0.999841      4544282      6301.54
       29.82     0.999854      4544336      6826.67
       30.21     0.999866      4544408      7447.27
       30.46     0.999878      4544459      8192.00
       30.59     0.999884      4544479      8623.16
       30.72     0.999890      4544509      9102.22
       30.85     0.999896      4544538      9637.65
       30.98     0.999902      4544559     10240.00
       31.23     0.999908      4544603     10922.67
       31.36     0.999915      4544626     11702.86
       31.49     0.999921      4544645     12603.08
       31.74     0.999927      4544688     13653.33
       31.87     0.999933      4544712     14894.55
       32.00     0.999939      4544729     16384.00
       32.13     0.999942      4544744     17246.32
       32.26     0.999945      4544763     18204.44
       32.38     0.999948      4544780     19275.29
       32.38     0.999951      4544780     20480.00
       32.51     0.999954      4544803     21845.33
       32.64     0.999957      4544816     23405.71
       32.77     0.999960      4544825     25206.15
       33.02     0.999963      4544862     27306.67
       33.02     0.999966      4544862     29789.09
       33.02     0.999969      4544862     32768.00
       33.28     0.999971      4544886     34492.63
       33.28     0.999973      4544886     36408.89
       33.28     0.999974      4544886     38550.59
       33.53     0.999976      4544909     40960.00
       33.53     0.999977      4544909     43690.67
       33.53     0.999979      4544909     46811.43
       33.79     0.999980      4544929     50412.31
       33.79     0.999982      4544929     54613.33
       33.79     0.999983      4544929     59578.18
       34.05     0.999985      4544947     65536.00
       34.05     0.999986      4544947     68985.26
       34.05     0.999986      4544947     72817.78
       34.05     0.999987      4544947     77101.18
       34.05     0.999988      4544947     81920.00
       34.30     0.999989      4544952     87381.33
       34.30     0.999989      4544952     93622.86
       34.56     0.999990      4544965    100824.62
       34.56     0.999991      4544965    109226.67
       34.56     0.999992      4544965    119156.36
       34.81     0.999992      4544971    131072.00
       34.81     0.999993      4544971    137970.53
       34.81     0.999993      4544971    145635.56
       34.81     0.999994      4544971    154202.35
       35.07     0.999994      4544978    163840.00
       35.07     0.999994      4544978    174762.67
       35.07     0.999995      4544978    187245.71
       35.07     0.999995      4544978    201649.23
       35.33     0.999995      4544986    218453.33
       35.33     0.999996      4544986    238312.73
       35.33     0.999996      4544986    262144.00
       35.33     0.999996      4544986    275941.05
       35.33     0.999997      4544986    291271.11
       35.33     0.999997      4544986    308404.71
       35.58     0.999997      4544988    327680.00
       35.58     0.999997      4544988    349525.33
       35.58     0.999997      4544988    374491.43
       35.84     0.999998      4544991    403298.46
       35.84     0.999998      4544991    436906.67
       35.84     0.999998      4544991    476625.45
       36.09     0.999998      4544992    524288.00
       36.09     0.999998      4544992    551882.11
       36.35     0.999998      4544993    582542.22
       36.35     0.999998      4544993    616809.41
      205.82     0.999998      4544997    655360.00
      205.82     0.999999      4544997    699050.67
      205.82     0.999999      4544997    748982.86
      205.82     0.999999      4544997    806596.92
      205.82     0.999999      4544997    873813.33
      205.82     0.999999      4544997    953250.91
      205.82     0.999999      4544997   1048576.00
      205.82     0.999999      4544997   1103764.21
      205.82     0.999999      4544997   1165084.44
      205.82     0.999999      4544997   1233618.82
      205.82     0.999999      4544997   1310720.00
      205.82     0.999999      4544997   1398101.33
      205.82     0.999999      4544997   1497965.71
      209.92     0.999999      4544998   1613193.85
      209.92     0.999999      4544998   1747626.67
      209.92     0.999999      4544998   1906501.82
      209.92     1.000000      4544998   2097152.00
      209.92     1.000000      4544998   2207528.42
      210.94     1.000000      4545000   2330168.89
      210.94     1.000000      4545000          inf
#[Mean    =        3.153, StdDeviation   =        0.943]
#[Max     =      210.943, Total count    =      4545000]
#[Buckets =           10, SubBuckets     =          256]
