       Value   Percentile   TotalCount 1/(1-Percentile)

        0.06     0.000000            1         1.00
        1.40     0.050000        11048         1.05
        1.42     0.100000        20370         1.11
        1.44     0.150000        29541         1.18
        1.46     0.200000        41142         1.25
        1.46     0.250000        47709         1.33
        1.48     0.300000        61464         1.43
        1.49     0.350000        68487         1.54
        1.50     0.400000        75343         1.67
        1.50     0.450000        81951         1.82
        1.52     0.500000        93785         2.00
        1.53     0.525000        98751         2.11
        1.53     0.550000       103239         2.22
        1.54     0.575000       107087         2.35
        1.55     0.600000       110399         2.50
        1.57     0.625000       115744         2.67
        1.58     0.650000       119478         2.86
        1.61     0.675000       123140         3.08
        1.69     0.700000       127600         3.33
        1.80     0.725000       131988         3.64
        1.87     0.750000       136974         4.00
        1.90     0.762500       139118         4.21
        1.92     0.775000       141490         4.44
        1.94     0.787500       144096         4.71
        1.96     0.800000       145952         5.00
        1.98     0.812500       148642         5.33
        2.00     0.825000       150572         5.71
        2.02     0.837500       152436         6.15
        2.04     0.850000       155262         6.67
        2.06     0.862500       158147         7.27
        2.08     0.875000       159929         8.00
        2.10     0.881250       161654         8.42
        2.10     0.887500       161654         8.89
        2.11     0.893750       163251         9.41
        2.13     0.900000       164759        10.00
        2.14     0.906250       166100        10.67
        2.14     0.912500       166100        11.43
        2.16     0.918750       167275        12.31
        2.19     0.925000       169273        13.33
        2.21     0.931250       170002        14.55
        2.24     0.937500       171054        16.00
        2.25     0.940625       171441        16.84
        2.29     0.943750       171991        17.78
        2.32     0.946875       172352        18.82
        2.50     0.950000       172958        20.00
        2.59     0.953125       173609        21.33
        2.64     0.956250       174303        22.86
        2.67     0.959375       174968        24.62
        2.69     0.962500       175400        26.67
        2.70     0.965625       175815        29.09
        2.73     0.968750       176753        32.00
        2.73     0.970313       176753        33.68
        2.75     0.971875       177255        35.56
        2.75     0.973437       177255        37.65
        2.77     0.975000       177739        40.00
        2.77     0.976562       177739        42.67
        2.78     0.978125       178254        45.71
        2.80     0.979688       178706        49.23
        2.80     0.981250       178706        53.33
        2.81     0.982812       179118        58.18
        2.83     0.984375       179529        64.00
        2.83     0.985156       179529        67.37
        2.83     0.985938       179529        71.11
        2.85     0.986719       179892        75.29
        2.85     0.987500       179892        80.00
        2.85     0.988281       179892        85.33
        2.86     0.989062       180172        91.43
        2.86     0.989844       180172        98.46
        2.88     0.990625       180409       106.67
        2.90     0.991406       180623       116.36
        2.90     0.992188       180623       128.00
        2.91     0.992578       180804       134.74
        2.91     0.992969       180804       142.22
        2.91     0.993359       180804       150.59
        2.93     0.993750       180949       160.00
        2.93     0.994141       180949       170.67
        2.94     0.994531       181061       182.86
        2.96     0.994922       181149       196.92
        2.96     0.995313       181149       213.33
        2.99     0.995703       181258       232.73
        3.01     0.996094       181291       256.00
        3.04     0.996289       181335       269.47
        3.07     0.996484       181379       284.44
        3.12     0.996680       181397       301.18
        3.34     0.996875       181433       320.00
        3.60     0.997070       181468       341.33
        3.87     0.997266       181503       365.71
        4.29     0.997461       181540       393.85
        4.54     0.997656       181574       426.67
        4.77     0.997852       181611       465.45
        5.09     0.998047       181649       512.00
        5.21     0.998145       181670       538.95
        5.31     0.998242       181681       568.89
        5.47     0.998340       181700       602.35
        5.63     0.998437       181720       640.00
        5.73     0.998535       181734       682.67
        5.95     0.998633       181754       731.43
        6.08     0.998730       181769       787.69
        6.59     0.998828       181788       853.33
       32.51     0.998926       181805       930.91
       33.28     0.999023       181827      1024.00
       33.53     0.999072       181837      1077.89
       33.79     0.999121       181855      1137.78
       33.79     0.999170       181855      1204.71
       34.05     0.999219       181871      1280.00
       34.05     0.999268       181871      1365.33
       34.30     0.999316       181885      1462.86
       34.30     0.999365       181885      1575.38
       34.56     0.999414       181898      1706.67
       34.81     0.999463       181918      1861.82
       34.81     0.999512       181918      2048.00
       34.81     0.999536       181918      2155.79
       35.07     0.999561       181940      2275.56
       35.07     0.999585       181940      2409.41
       35.07     0.999609       181940      2560.00
       35.07     0.999634       181940      2730.67
       35.07     0.999658       181940      2925.71
       35.33     0.999683       181961      3150.77
       35.33     0.999707       181961      3413.33
       35.33     0.999731       181961      3723.64
       35.33     0.999756       181961      4096.00
       35.33     0.999768       181961      4311.58
       35.33     0.999780       181961      4551.11
       35.58     0.999792       181980      4818.82
       35.58     0.999805       181980      5120.00
       35.58     0.999817       181980      5461.33
       35.58     0.999829       181980      5851.43
       35.58     0.999841       181980      6301.54
       35.58     0.999854       181980      6826.67
       35.58     0.999866       181980      7447.27
       35.58     0.999878       181980      8192.00
       35.58     0.999884       181980      8623.16
       35.84     0.999890       181989      9102.22
       35.84     0.999896       181989      9637.65
       35.84     0.999902       181989     10240.00
       35.84     0.999908       181989     10922.67
       35.84     0.999915       181989     11702.86
       35.84     0.999921       181989     12603.08
       35.84     0.999927       181989     13653.33
       35.84     0.999933       181989     14894.55
       35.84     0.999939       181989     16384.00
       36.09     0.999942       181996     17246.32
       36.09     0.999945       181996     18204.44
       36.09     0.999948       181996     19275.29
       36.09     0.999951       181996     20480.00
       36.09     0.999954       181996     21845.33
       36.09     0.999957       181996     23405.71
       36.09     0.999960       181996     25206.15
       36.09     0.999963       181996     27306.67
       36.09     0.999966       181996     29789.09
       36.09     0.999969       181996     32768.00
       36.09     0.999971       181996     34492.63
       36.09     0.999973       181996     36408.89
       36.09     0.999974       181996     38550.59
       36.09     0.999976       181996     40960.00
       36.09     0.999977       181996     43690.67
       36.35     0.999979       182000     46811.43
       36.35     1.000000       182000          inf
#[Mean    =        1.711, StdDeviation   =        1.149]
#[Max     =       36.351, Total count    =       182000]
#[Buckets =           10, SubBuckets     =          256]
