       Value   Percentile   TotalCount 1/(1-Percentile)

        0.06     0.000000            1         1.00
        1.40     0.050000       110901         1.05
        1.42     0.100000       205921         1.11
        1.44     0.150000       298959         1.18
        1.46     0.200000       416376         1.25
        1.46     0.250000       481957         1.33
        1.47     0.300000       550653         1.43
        1.49     0.350000       691530         1.54
        1.50     0.400000       759792         1.67
        1.50     0.450000       825531         1.82
        1.52     0.500000       941094         2.00
        1.53     0.525000       991143         2.11
        1.53     0.550000      1035552         2.22
        1.54     0.575000      1074002         2.35
        1.55     0.600000      1107350         2.50
        1.56     0.625000      1136271         2.67
        1.58     0.650000      1198106         2.86
        1.61     0.675000      1234327         3.08
        1.67     0.700000      1273356         3.33
        1.80     0.725000      1320503         3.64
        1.86     0.750000      1365105         4.00
        1.89     0.762500      1386386         4.21
        1.91     0.775000      1409690         4.44
        1.94     0.787500      1434590         4.71
        1.96     0.800000      1461210         5.00
        1.98     0.812500      1479540         5.33
        2.00     0.825000      1507910         5.71
        2.02     0.837500      1527137         6.15
        2.03     0.850000      1546332         6.67
        2.06     0.862500      1583369         7.27
        2.08     0.875000      1601319         8.00
        2.10     0.881250      1618454         8.42
        2.10     0.887500      1618454         8.89
        2.11     0.893750      1634336         9.41
        2.13     0.900000      1649049        10.00
        2.13     0.906250      1649049        10.67
        2.14     0.912500      1662392        11.43
        2.16     0.918750      1674100        12.31
        2.17     0.925000      1684365        13.33
        2.21     0.931250      1700175        14.55
        2.22     0.937500      1706185        16.00
        2.24     0.940625      1711080        16.84
        2.27     0.943750      1717907        17.78
        2.30     0.946875      1722064        18.82
        2.42     0.950000      1727391        20.00
        2.58     0.953125      1733760        21.33
        2.62     0.956250      1739649        22.86
        2.65     0.959375      1745636        24.62
        2.69     0.962500      1753315        26.67
        2.70     0.965625      1757788        29.09
        2.72     0.968750      1762418        32.00
        2.73     0.970313      1767237        33.68
        2.73     0.971875      1767237        35.56
        2.75     0.973437      1772259        37.65
        2.77     0.975000      1777308        40.00
        2.77     0.976562      1777308        42.67
        2.78     0.978125      1782232        45.71
        2.78     0.979688      1782232        49.23
        2.80     0.981250      1786948        53.33
        2.80     0.982812      1786948        58.18
        2.81     0.984375      1791223        64.00
        2.81     0.985156      1791223        67.37
        2.83     0.985938      1795100        71.11
        2.83     0.986719      1795100        75.29
        2.85     0.987500      1798470        80.00
        2.85     0.988281      1798470        85.33
        2.85     0.989062      1798470        91.43
        2.86     0.989844      1801477        98.46
        2.86     0.990625      1801477       106.67
        2.88     0.991406      1804098       116.36
        2.88     0.992188      1804098       128.00
        2.90     0.992578      1806102       134.74
        2.90     0.992969      1806102       142.22
        2.90     0.993359      1806102       150.59
        2.91     0.993750      1807771       160.00
        2.91     0.994141      1807771       170.67
        2.93     0.994531      1809105       182.86
        2.93     0.994922      1809105       196.92
        2.94     0.995313      1810163       213.33
        2.96     0.995703      1810965       232.73
        2.96     0.996094      1810965       256.00
        2.98     0.996289      1811579       269.47
        2.99     0.996484      1812051       284.44
        2.99     0.996680      1812051       301.18
        3.01     0.996875      1812450       320.00
        3.02     0.997070      1812733       341.33
        3.06     0.997266      1813099       365.71
        3.10     0.997461      1813398       393.85
        3.26     0.997656      1813761       426.67
        3.47     0.997852      1814112       465.45
        3.69     0.998047      1814465       512.00
        3.81     0.998145      1814628       538.95
        3.95     0.998242      1814824       568.89
        4.06     0.998340      1814982       602.35
        4.19     0.998437      1815165       640.00
        4.32     0.998535      1815343       682.67
        4.45     0.998633      1815537       731.43
        4.58     0.998730      1815702       787.69
        4.74     0.998828      1815897       853.33
        4.86     0.998926      1816069       930.91
        4.99     0.999023      1816251      1024.00
        5.05     0.999072      1816334      1077.89
        5.12     0.999121      1816412      1137.78
        5.18     0.999170      1816502      1204.71
        5.28     0.999219      1816614      1280.00
        5.34     0.999268      1816702      1365.33
        5.41     0.999316      1816787      1462.86
        5.47     0.999365      1816876      1575.38
        5.54     0.999414      1816956      1706.67
        5.60     0.999463      1817043      1861.82
        5.66     0.999512      1817125      2048.00
        5.73     0.999536      1817193      2155.79
        5.76     0.999561      1817231      2275.56
        5.79     0.999585      1817259      2409.41
        5.82     0.999609      1817292      2560.00
        5.86     0.999634      1817335      2730.67
        5.92     0.999658      1817397      2925.71
        5.98     0.999683      1817452      3150.77
        6.01     0.999707      1817480      3413.33
        6.08     0.999731      1817532      3723.64
        6.11     0.999756      1817557      4096.00
        6.14     0.999768      1817579      4311.58
        6.21     0.999780      1817617      4551.11
        6.24     0.999792      1817631      4818.82
        6.27     0.999805      1817653      5120.00
        6.33     0.999817      1817681      5461.33
        6.37     0.999829      1817693      5851.43
        6.43     0.999841      1817718      6301.54
        6.50     0.999854      1817743      6826.67
        6.56     0.999866      1817765      7447.27
        6.62     0.999878      1817786      8192.00
        6.66     0.999884      1817800      8623.16
        6.69     0.999890      1817808      9102.22
        6.72     0.999896      1817817      9637.65
        6.75     0.999902      1817825     10240.00
        6.78     0.999908      1817837     10922.67
        6.82     0.999915      1817847     11702.86
        6.88     0.999921      1817866     12603.08
        6.91     0.999927      1817871     13653.33
        6.94     0.999933      1817878     14894.55
        7.01     0.999939      1817895     16384.00
        7.01     0.999942      1817895     17246.32
        7.04     0.999945      1817901     18204.44
        7.07     0.999948      1817915     19275.29
        7.07     0.999951      1817915     20480.00
        7.10     0.999954      1817925     21845.33
        7.10     0.999957      1817925     23405.71
        7.13     0.999960      1817932     25206.15
        7.17     0.999963      1817939     27306.67
        7.17     0.999966      1817939     29789.09
        7.23     0.999969      1817946     32768.00
        7.26     0.999971      1817949     34492.63
        7.29     0.999973      1817955     36408.89
        7.29     0.999974      1817955     38550.59
        7.33     0.999976      1817957     40960.00
        7.42     0.999977      1817963     43690.67
        7.42     0.999979      1817963     46811.43
        7.46     0.999980      1817964     50412.31
        7.49     0.999982      1817967     54613.33
        7.55     0.999983      1817971     59578.18
        7.58     0.999985      1817975     65536.00
        7.58     0.999986      1817975     68985.26
        7.65     0.999986      1817979     72817.78
        7.65     0.999987      1817979     77101.18
        7.65     0.999988      1817979     81920.00
        7.68     0.999989      1817980     87381.33
        7.71     0.999989      1817983     93622.86
        7.71     0.999990      1817983    100824.62
        7.74     0.999991      1817986    109226.67
        7.74     0.999992      1817986    119156.36
        7.78     0.999992      1817988    131072.00
        7.78     0.999993      1817988    137970.53
        7.78     0.999993      1817988    145635.56
        7.81     0.999994      1817989    154202.35
        7.81     0.999994      1817989    163840.00
        7.84     0.999994      1817991    174762.67
        7.84     0.999995      1817991    187245.71
        7.84     0.999995      1817991    201649.23
        7.90     0.999995      1817992    218453.33
        7.93     0.999996      1817995    238312.73
        7.93     0.999996      1817995    262144.00
        7.93     0.999996      1817995    275941.05
        7.93     0.999997      1817995    291271.11
        7.93     0.999997      1817995    308404.71
        7.93     0.999997      1817995    327680.00
        7.93     0.999997      1817995    349525.33
        8.00     0.999997      1817996    374491.43
        8.00     0.999998      1817996    403298.46
        8.00     0.999998      1817996    436906.67
        8.03     0.999998      1817997    476625.45
        8.03     0.999998      1817997    524288.00
        8.03     0.999998      1817997    551882.11
        8.03     0.999998      1817997    582542.22
        8.06     0.999998      1817998    616809.41
        8.06     0.999998      1817998    655360.00
        8.06     0.999999      1817998    699050.67
        8.06     0.999999      1817998    748982.86
        8.06     0.999999      1817998    806596.92
        8.06     0.999999      1817998    873813.33
        8.16     0.999999      1817999    953250.91
        8.16     0.999999      1817999   1048576.00
        8.16     0.999999      1817999   1103764.21
        8.16     0.999999      1817999   1165084.44
        8.16     0.999999      1817999   1233618.82
        8.16     0.999999      1817999   1310720.00
        8.16     0.999999      1817999   1398101.33
        8.16     0.999999      1817999   1497965.71
        8.16     0.999999      1817999   1613193.85
        8.16     0.999999      1817999   1747626.67
        8.32     0.999999      1818000   1906501.82
        8.32     1.000000      1818000          inf
#[Mean    =        1.674, StdDeviation   =        0.377]
#[Max     =        8.319, Total count    =      1818000]
#[Buckets =           10, SubBuckets     =          256]
