       Value   Percentile   TotalCount 1/(1-Percentile)

        0.24     0.000000            1         1.00
        1.49     0.050000        23162         1.05
        1.66     0.100000        45759         1.11
        1.75     0.150000        70466         1.18
        1.78     0.200000        98354         1.25
        1.80     0.250000       116439         1.33
        1.82     0.300000       143691         1.43
        1.84     0.350000       159463         1.54
        1.87     0.400000       183768         1.67
        1.90     0.450000       205586         1.82
        1.94     0.500000       234449         2.00
        1.94     0.525000       243061         2.11
        1.95     0.550000       252002         2.22
        1.97     0.575000       269900         2.35
        1.98     0.600000       278041         2.50
        1.98     0.625000       285249         2.67
        2.00     0.650000       296182         2.86
        2.04     0.675000       308515         3.08
        2.16     0.700000       319333         3.33
        2.45     0.725000       330106         3.64
        2.64     0.750000       341442         4.00
        2.73     0.762500       347210         4.21
        2.91     0.775000       352792         4.44
        3.10     0.787500       358631         4.71
        3.29     0.800000       364085         5.00
        3.44     0.812500       370186         5.33
        3.52     0.825000       376826         5.71
        3.55     0.837500       381688         6.15
        3.58     0.850000       387510         6.67
        3.62     0.862500       393440         7.27
        3.65     0.875000       399058         8.00
        3.66     0.881250       401876         8.42
        3.68     0.887500       404930         8.89
        3.69     0.893750       408387         9.41
        3.71     0.900000       412228        10.00
        3.73     0.906250       416314        10.67
        3.73     0.912500       416314        11.43
        3.74     0.918750       420628        12.31
        3.76     0.925000       424754        13.33
        3.76     0.931250       424754        14.55
        3.77     0.937500       428405        16.00
        3.77     0.940625       428405        16.84
        3.79     0.943750       431508        17.78
        3.79     0.946875       431508        18.82
        3.81     0.950000       433970        20.00
        3.81     0.953125       433970        21.33
        3.82     0.956250       435860        22.86
        3.84     0.959375       437574        24.62
        3.85     0.962500       438930        26.67
        3.87     0.965625       440178        29.09
        3.89     0.968750       441265        32.00
        3.90     0.970313       442244        33.68
        3.90     0.971875       442244        35.56
        3.92     0.973437       443143        37.65
        3.94     0.975000       443947        40.00
        3.95     0.976562       444588        42.67
        3.97     0.978125       445255        45.71
        3.98     0.979688       445775        49.23
        4.01     0.981250       446609        53.33
        4.05     0.982812       447260        58.18
        4.09     0.984375       447993        64.00
        4.13     0.985156       448367        67.37
        4.16     0.985938       448686        71.11
        4.19     0.986719       449022        75.29
        4.25     0.987500       449522        80.00
        4.29     0.988281       449716        85.33
        4.38     0.989062       450111        91.43
        4.45     0.989844       450394        98.46
        4.58     0.990625       450738       106.67
        4.77     0.991406       451108       116.36
        4.99     0.992188       451471       128.00
        5.15     0.992578       451654       134.74
        5.34     0.992969       451805       142.22
        5.63     0.993359       451984       150.59
        5.98     0.993750       452162       160.00
        6.37     0.994141       452348       170.67
        6.75     0.994531       452515       182.86
        7.17     0.994922       452691       196.92
        7.65     0.995313       452877       213.33
        8.19     0.995703       453059       232.73
        8.77     0.996094       453232       256.00
        9.09     0.996289       453340       269.47
        9.28     0.996484       453405       284.44
        9.60     0.996680       453495       301.18
        9.92     0.996875       453582       320.00
       10.30     0.997070       453673       341.33
       10.69     0.997266       453769       365.71
       11.07     0.997461       453854       393.85
       11.46     0.997656       453940       426.67
       11.84     0.997852       454023       465.45
       12.35     0.998047       454119       512.00
       12.67     0.998145       454160       538.95
       12.99     0.998242       454201       568.89
       13.44     0.998340       454251       602.35
       13.82     0.998437       454296       640.00
       14.21     0.998535       454341       682.67
       14.59     0.998633       454386       731.43
       14.91     0.998730       454427       787.69
       15.04     0.998828       454467       853.33
       15.55     0.998926       454513       930.91
       16.06     0.999023       454557      1024.00
       16.38     0.999072       454580      1077.89
       16.77     0.999121       454603      1137.78
       17.15     0.999170       454624      1204.71
       17.54     0.999219       454646      1280.00
       17.92     0.999268       454669      1365.33
       18.30     0.999316       454689      1462.86
       18.82     0.999365       454716      1575.38
       19.20     0.999414       454737      1706.67
       19.71     0.999463       454758      1861.82
       20.22     0.999512       454780      2048.00
       20.61     0.999536       454795      2155.79
       20.86     0.999561       454804      2275.56
       21.12     0.999585       454817      2409.41
       21.38     0.999609       454827      2560.00
       21.63     0.999634       454838      2730.67
       21.89     0.999658       454847      2925.71
       22.14     0.999683       454860      3150.77
       22.40     0.999707       454868      3413.33
       22.78     0.999731       454880      3723.64
       23.04     0.999756       454889      4096.00
       23.30     0.999768       454896      4311.58
       23.55     0.999780       454903      4551.11
       23.81     0.999792       454908      4818.82
       23.93     0.999805       454912      5120.00
       24.19     0.999817       454917      5461.33
       24.45     0.999829       454925      5851.43
       24.70     0.999841       454928      6301.54
       24.96     0.999854       454934      6826.67
       25.34     0.999866       454940      7447.27
       25.73     0.999878       454947      8192.00
       25.86     0.999884       454948      8623.16
       25.98     0.999890       454953      9102.22
       25.98     0.999896       454953      9637.65
       26.24     0.999902       454958     10240.00
       26.62     0.999908       454960     10922.67
       26.75     0.999915       454962     11702.86
       27.14     0.999921       454964     12603.08
       27.52     0.999927       454968     13653.33
       27.77     0.999933       454970     14894.55
       28.03     0.999939       454974     16384.00
       28.03     0.999942       454974     17246.32
       28.54     0.999945       454976     18204.44
       28.67     0.999948       454977     19275.29
       28.80     0.999951       454980     20480.00
       28.80     0.999954       454980     21845.33
       28.93     0.999957       454981     23405.71
       29.18     0.999960       454983     25206.15
       29.44     0.999963       454985     27306.67
       29.44     0.999966       454985     29789.09
       29.95     0.999969       454987     32768.00
       29.95     0.999971       454987     34492.63
       30.21     0.999973       454988     36408.89
       30.34     0.999974       454989     38550.59
       30.34     0.999976       454989     40960.00
       30.46     0.999977       454990     43690.67
       31.61     0.999979       454991     46811.43
       31.61     0.999980       454991     50412.31
       31.87     0.999982       454992     54613.33
       33.02     0.999983       454993     59578.18
       35.84     0.999985       454994     65536.00
       35.84     0.999986       454994     68985.26
       35.84     0.999986       454994     72817.78
       38.14     0.999987       454995     77101.18
       38.14     0.999988       454995     81920.00
       38.14     0.999989       454995     87381.33
       49.66     0.999989       454996     93622.86
       49.66     0.999990       454996    100824.62
       49.66     0.999991       454996    109226.67
       50.94     0.999992       454997    119156.36
       50.94     0.999992       454997    131072.00
       50.94     0.999993       454997    137970.53
       50.94     0.999993       454997    145635.56
       51.20     0.999994       454998    154202.35
       51.20     0.999994       454998    163840.00
       51.20     0.999994       454998    174762.67
       51.20     0.999995       454998    187245.71
       51.20     0.999995       454998    201649.23
       51.20     0.999995       454998    218453.33
       58.88     0.999996       454999    238312.73
       58.88     0.999996       454999    262144.00
       58.88     0.999996       454999    275941.05
       58.88     0.999997       454999    291271.11
       58.88     0.999997       454999    308404.71
       58.88     0.999997       454999    327680.00
       58.88     0.999997       454999    349525.33
       58.88     0.999997       454999    374491.43
       58.88     0.999998       454999    403298.46
       58.88     0.999998       454999    436906.67
       61.44     0.999998       455000    476625.45
       61.44     1.000000       455000          inf
#[Mean    =        2.318, StdDeviation   =        1.156]
#[Max     =       61.439, Total count    =       455000]
#[Buckets =           10, SubBuckets     =          256]
