       Value   Percentile   TotalCount 1/(1-Percentile)

        0.18     0.000000            2         1.00
        1.49     0.050000       253200         1.05
        1.66     0.100000       503045         1.11
        1.75     0.150000       772519         1.18
        1.78     0.200000      1080964         1.25
        1.80     0.250000      1281859         1.33
        1.82     0.300000      1583898         1.43
        1.84     0.350000      1756383         1.54
        1.87     0.400000      2024870         1.67
        1.90     0.450000      2263932         1.82
        1.94     0.500000      2581619         2.00
        1.94     0.525000      2676732         2.11
        1.95     0.550000      2775477         2.22
        1.96     0.575000      2875218         2.35
        1.98     0.600000      3060873         2.50
        1.98     0.625000      3139669         2.67
        2.00     0.650000      3259672         2.86
        2.03     0.675000      3377882         3.08
        2.14     0.700000      3500984         3.33
        2.45     0.725000      3630510         3.64
        2.64     0.750000      3756368         4.00
        2.72     0.762500      3813425         4.21
        2.90     0.775000      3877137         4.44
        3.09     0.787500      3940623         4.71
        3.28     0.800000      4001090         5.00
        3.42     0.812500      4063732         5.33
        3.52     0.825000      4145793         5.71
        3.55     0.837500      4199987         6.15
        3.58     0.850000      4262983         6.67
        3.62     0.862500      4327282         7.27
        3.65     0.875000      4388931         8.00
        3.66     0.881250      4420713         8.42
        3.68     0.887500      4454672         8.89
        3.69     0.893750      4492871         9.41
        3.71     0.900000      4534379        10.00
        3.71     0.906250      4534379        10.67
        3.73     0.912500      4578851        11.43
        3.74     0.918750      4625686        12.31
        3.74     0.925000      4625686        13.33
        3.76     0.931250      4671057        14.55
        3.77     0.937500      4711618        16.00
        3.77     0.940625      4711618        16.84
        3.79     0.943750      4745990        17.78
        3.79     0.946875      4745990        18.82
        3.81     0.950000      4772804        20.00
        3.81     0.953125      4772804        21.33
        3.82     0.956250      4794134        22.86
        3.84     0.959375      4811946        24.62
        3.85     0.962500      4827106        26.67
        3.87     0.965625      4840776        29.09
        3.89     0.968750      4852945        32.00
        3.89     0.970313      4852945        33.68
        3.90     0.971875      4864001        35.56
        3.92     0.973437      4873924        37.65
        3.94     0.975000      4882634        40.00
        3.95     0.976562      4890147        42.67
        3.97     0.978125      4896919        45.71
        3.98     0.979688      4902722        49.23
        4.00     0.981250      4907748        53.33
        4.03     0.982812      4915826        58.18
        4.06     0.984375      4922019        64.00
        4.09     0.985156      4926908        67.37
        4.13     0.985938      4931041        71.11
        4.16     0.986719      4934465        75.29
        4.19     0.987500      4937804        80.00
        4.25     0.988281      4943109        85.33
        4.32     0.989062      4947011        91.43
        4.38     0.989844      4949646        98.46
        4.48     0.990625      4953894       106.67
        4.61     0.991406      4957179       116.36
        4.80     0.992188      4961264       128.00
        4.89     0.992578      4963292       134.74
        5.02     0.992969      4965008       142.22
        5.18     0.993359      4967051       150.59
        5.41     0.993750      4968984       160.00
        5.73     0.994141      4970781       170.67
        6.08     0.994531      4972670       182.86
        6.50     0.994922      4974755       196.92
        6.94     0.995313      4976580       213.33
        7.49     0.995703      4978621       232.73
        8.03     0.996094      4980543       256.00
        8.38     0.996289      4981616       269.47
        8.70     0.996484      4982581       284.44
        9.02     0.996680      4983557       301.18
        9.34     0.996875      4984458       320.00
        9.79     0.997070      4985519       341.33
       10.11     0.997266      4986340       365.71
       10.49     0.997461      4987351       393.85
       11.01     0.997656      4988367       426.67
       11.58     0.997852      4989326       465.45
       12.10     0.998047      4990277       512.00
       12.41     0.998145      4990816       538.95
       12.67     0.998242      4991236       568.89
       12.99     0.998340      4991715       602.35
       13.31     0.998437      4992214       640.00
       13.63     0.998535      4992677       682.67
       14.02     0.998633      4993190       731.43
       14.40     0.998730      4993686       787.69
       14.78     0.998828      4994163       853.33
       15.23     0.998926      4994652       930.91
       15.81     0.999023      4995167      1024.00
       16.06     0.999072      4995368      1077.89
       16.51     0.999121      4995688      1137.78
       16.77     0.999170      4995869      1204.71
       17.15     0.999219      4996106      1280.00
       17.66     0.999268      4996395      1365.33
       18.05     0.999316      4996586      1462.86
       18.56     0.999365      4996851      1575.38
       19.07     0.999414      4997105      1706.67
       19.58     0.999463      4997330      1861.82
       20.09     0.999512      4997571      2048.00
       20.35     0.999536      4997685      2155.79
       20.61     0.999561      4997806      2275.56
       20.99     0.999585      4997971      2409.41
       21.25     0.999609      4998074      2560.00
       21.50     0.999634      4998177      2730.67
       21.89     0.999658      4998340      2925.71
       22.14     0.999683      4998463      3150.77
       22.40     0.999707      4998573      3413.33
       22.66     0.999731      4998684      3723.64
       22.91     0.999756      4998791      4096.00
       23.17     0.999768      4998886      4311.58
       23.30     0.999780      4998924      4551.11
       23.42     0.999792      4998967      4818.82
       23.68     0.999805      4999049      5120.00
       23.81     0.999817      4999086      5461.33
       24.06     0.999829      4999159      5851.43
       24.32     0.999841      4999228      6301.54
       24.57     0.999854      4999288      6826.67
       24.83     0.999866      4999338      7447.27
       25.21     0.999878      4999414      8192.00
       25.34     0.999884      4999432      8623.16
       25.47     0.999890      4999451      9102.22
       25.73     0.999896      4999494      9637.65
       25.86     0.999902      4999519     10240.00
       26.11     0.999908      4999555     10922.67
       26.24     0.999915      4999574     11702.86
       26.62     0.999921      4999620     12603.08
       26.88     0.999927      4999648     13653.33
       27.14     0.999933      4999671     14894.55
       27.52     0.999939      4999701     16384.00
       27.65     0.999942      4999711     17246.32
       28.03     0.999945      4999734     18204.44
       28.16     0.999948      4999747     19275.29
       28.41     0.999951      4999760     20480.00
       28.67     0.999954      4999773     21845.33
       28.93     0.999957      4999788     23405.71
       29.18     0.999960      4999808     25206.15
       29.44     0.999963      4999834     27306.67
       29.44     0.999966      4999834     29789.09
       29.82     0.999969      4999849     32768.00
       30.08     0.999971      4999861     34492.63
       30.21     0.999973      4999866     36408.89
       30.34     0.999974      4999872     38550.59
       30.46     0.999976      4999879     40960.00
       30.72     0.999977      4999887     43690.67
       30.98     0.999979      4999897     46811.43
       31.10     0.999980      4999904     50412.31
       31.36     0.999982      4999912     54613.33
       31.61     0.999983      4999919     59578.18
       31.87     0.999985      4999927     65536.00
       32.00     0.999986      4999931     68985.26
       32.13     0.999986      4999935     72817.78
       32.26     0.999987      4999939     77101.18
       32.26     0.999988      4999939     81920.00
       32.51     0.999989      4999943     87381.33
       33.02     0.999989      4999949     93622.86
       34.30     0.999990      4999951    100824.62
       38.14     0.999991      4999956    109226.67
       39.17     0.999992      4999959    119156.36
       40.70     0.999992      4999963    131072.00
       40.96     0.999993      4999964    137970.53
       42.24     0.999993      4999966    145635.56
       44.03     0.999994      4999968    154202.35
       44.80     0.999994      4999970    163840.00
       46.34     0.999994      4999972    174762.67
       47.62     0.999995      4999974    187245.71
       48.90     0.999995      4999976    201649.23
       49.92     0.999995      4999978    218453.33
       50.94     0.999996      4999980    238312.73
       51.20     0.999996      4999981    262144.00
       51.45     0.999996      4999982    275941.05
       51.97     0.999997      4999983    291271.11
       52.48     0.999997      4999984    308404.71
       53.25     0.999997      4999985    327680.00
       54.27     0.999997      4999986    349525.33
       55.04     0.999997      4999987    374491.43
       55.55     0.999998      4999988    403298.46
       56.06     0.999998      4999989    436906.67
       56.83     0.999998      4999990    476625.45
       57.34     0.999998      4999991    524288.00
       57.34     0.999998      4999991    551882.11
       57.85     0.999998      4999992    582542.22
       57.85     0.999998      4999992    616809.41
       58.37     0.999998      4999993    655360.00
       58.37     0.999999      4999993    699050.67
       58.88     0.999999      4999994    748982.86
       58.88     0.999999      4999994    806596.92
       59.65     0.999999      4999995    873813.33
       59.65     0.999999      4999995    953250.91
       60.67     0.999999      4999996   1048576.00
       60.67     0.999999      4999996   1103764.21
       60.67     0.999999      4999996   1165084.44
       60.67     0.999999      4999996   1233618.82
       61.44     0.999999      4999997   1310720.00
       61.44     0.999999      4999997   1398101.33
       61.44     0.999999      4999997   1497965.71
       61.44     0.999999      4999997   1613193.85
       62.21     0.999999      4999998   1747626.67
       62.21     0.999999      4999998   1906501.82
       62.21     1.000000      4999998   2097152.00
       62.21     1.000000      4999998   2207528.42
       62.21     1.000000      4999998   2330168.89
       62.21     1.000000      4999998   2467237.65
       62.46     1.000000      4999999   2621440.00
       62.46     1.000000      4999999   2796202.67
       62.46     1.000000      4999999   2995931.43
       62.46     1.000000      4999999   3226387.69
       62.46     1.000000      4999999   3495253.33
       62.46     1.000000      4999999   3813003.64
       62.46     1.000000      4999999   4194304.00
       62.46     1.000000      4999999   4415056.84
       62.46     1.000000      4999999   4660337.78
       62.46     1.000000      4999999   4934475.29
       63.49     1.000000      5000000   5242880.00
       63.49     1.000000      5000000          inf
#[Mean    =        2.312, StdDeviation   =        1.128]
#[Max     =       63.487, Total count    =      5000000]
#[Buckets =           10, SubBuckets     =          256]
