       Value   Percentile   TotalCount 1/(1-Percentile)

        0.18     0.000000            2         1.00
        1.49     0.050000       230038         1.05
        1.66     0.100000       457286         1.11
        1.75     0.150000       702053         1.18
        1.78     0.200000       982610         1.25
        1.80     0.250000      1165420         1.33
        1.82     0.300000      1440207         1.43
        1.84     0.350000      1596920         1.54
        1.87     0.400000      1841102         1.67
        1.90     0.450000      2058346         1.82
        1.94     0.500000      2347170         2.00
        1.94     0.525000      2433671         2.11
        1.95     0.550000      2523475         2.22
        1.96     0.575000      2614099         2.35
        1.98     0.600000      2782832         2.50
        1.98     0.625000      2854420         2.67
        2.00     0.650000      2963490         2.86
        2.03     0.675000      3070807         3.08
        2.14     0.700000      3182504         3.33
        2.43     0.725000      3295142         3.64
        2.64     0.750000      3414926         4.00
        2.72     0.762500      3466881         4.21
        2.90     0.775000      3524794         4.44
        3.09     0.787500      3582546         4.71
        3.28     0.800000      3637488         5.00
        3.42     0.812500      3694331         5.33
        3.52     0.825000      3768967         5.71
        3.55     0.837500      3818299         6.15
        3.58     0.850000      3875473         6.67
        3.62     0.862500      3933842         7.27
        3.65     0.875000      3989873         8.00
        3.66     0.881250      4018837         8.42
        3.68     0.887500      4049742         8.89
        3.69     0.893750      4084484         9.41
        3.71     0.900000      4122151        10.00
        3.71     0.906250      4122151        10.67
        3.73     0.912500      4162537        11.43
        3.74     0.918750      4205058        12.31
        3.74     0.925000      4205058        13.33
        3.76     0.931250      4246303        14.55
        3.77     0.937500      4283213        16.00
        3.77     0.940625      4283213        16.84
        3.79     0.943750      4314482        17.78
        3.79     0.946875      4314482        18.82
        3.81     0.950000      4338834        20.00
        3.81     0.953125      4338834        21.33
        3.82     0.956250      4358274        22.86
        3.84     0.959375      4374372        24.62
        3.85     0.962500      4388176        26.67
        3.87     0.965625      4400598        29.09
        3.89     0.968750      4411680        32.00
        3.89     0.970313      4411680        33.68
        3.90     0.971875      4421757        35.56
        3.92     0.973437      4430781        37.65
        3.94     0.975000      4438687        40.00
        3.94     0.976562      4438687        42.67
        3.97     0.978125      4451664        45.71
        3.98     0.979688      4456947        49.23
        4.00     0.981250      4461508        53.33
        4.03     0.982812      4468881        58.18
        4.06     0.984375      4474462        64.00
        4.09     0.985156      4478915        67.37
        4.13     0.985938      4482674        71.11
        4.16     0.986719      4485779        75.29
        4.19     0.987500      4488782        80.00
        4.25     0.988281      4493587        85.33
        4.29     0.989062      4495592        91.43
        4.38     0.989844      4499535        98.46
        4.48     0.990625      4503392       106.67
        4.61     0.991406      4506365       116.36
        4.77     0.992188      4509671       128.00
        4.86     0.992578      4511290       134.74
        4.99     0.992969      4513203       142.22
        5.15     0.993359      4515059       150.59
        5.34     0.993750      4516619       160.00
        5.66     0.994141      4518475       170.67
        6.05     0.994531      4520306       182.86
        6.43     0.994922      4522031       196.92
        6.88     0.995313      4523734       213.33
        7.39     0.995703      4525478       232.73
        7.97     0.996094      4527325       256.00
        8.26     0.996289      4528166       269.47
        8.64     0.996484      4529169       284.44
        8.89     0.996680      4529957       301.18
        9.28     0.996875      4530877       320.00
        9.73     0.997070      4531821       341.33
       10.11     0.997266      4532717       365.71
       10.43     0.997461      4533482       393.85
       10.94     0.997656      4534400       426.67
       11.52     0.997852      4535264       465.45
       12.10     0.998047      4536200       512.00
       12.35     0.998145      4536586       538.95
       12.67     0.998242      4537076       568.89
       12.99     0.998340      4537514       602.35
       13.25     0.998437      4537903       640.00
       13.63     0.998535      4538408       682.67
       13.95     0.998633      4538796       731.43
       14.34     0.998730      4539236       787.69
       14.72     0.998828      4539681       853.33
       15.17     0.998926      4540118       930.91
       15.74     0.999023      4540573      1024.00
       16.06     0.999072      4540811      1077.89
       16.38     0.999121      4541025      1137.78
       16.77     0.999170      4541266      1204.71
       17.15     0.999219      4541482      1280.00
       17.54     0.999268      4541685      1365.33
       18.05     0.999316      4541909      1462.86
       18.56     0.999365      4542151      1575.38
       19.07     0.999414      4542378      1706.67
       19.58     0.999463      4542578      1861.82
       20.09     0.999512      4542795      2048.00
       20.35     0.999536      4542901      2155.79
       20.61     0.999561      4543011      2275.56
       20.86     0.999585      4543118      2409.41
       21.25     0.999609      4543252      2560.00
       21.50     0.999634      4543345      2730.67
       21.76     0.999658      4543447      2925.71
       22.14     0.999683      4543603      3150.77
       22.40     0.999707      4543705      3413.33
       22.66     0.999731      4543808      3723.64
       22.91     0.999756      4543906      4096.00
       23.17     0.999768      4543993      4311.58
       23.30     0.999780      4544028      4551.11
       23.42     0.999792      4544067      4818.82
       23.68     0.999805      4544144      5120.00
       23.81     0.999817      4544178      5461.33
       24.06     0.999829      4544246      5851.43
       24.19     0.999841      4544285      6301.54
       24.45     0.999854      4544338      6826.67
       24.70     0.999866      4544390      7447.27
       25.09     0.999878      4544448      8192.00
       25.21     0.999884      4544477      8623.16
       25.47     0.999890      4544508      9102.22
       25.73     0.999896      4544547      9637.65
       25.86     0.999902      4544571     10240.00
       25.98     0.999908      4544584     10922.67
       26.24     0.999915      4544616     11702.86
       26.50     0.999921      4544644     12603.08
       26.75     0.999927      4544671     13653.33
       27.01     0.999933      4544699     14894.55
       27.39     0.999939      4544724     16384.00
       27.65     0.999942      4544743     17246.32
       27.90     0.999945      4544753     18204.44
       28.16     0.999948      4544773     19275.29
       28.41     0.999951      4544785     20480.00
       28.67     0.999954      4544796     21845.33
       28.93     0.999957      4544807     23405.71
       29.18     0.999960      4544825     25206.15
       29.44     0.999963      4544849     27306.67
       29.44     0.999966      4544849     29789.09
       29.82     0.999969      4544863     32768.00
       30.08     0.999971      4544874     34492.63
       30.21     0.999973      4544878     36408.89
       30.34     0.999974      4544883     38550.59
       30.59     0.999976      4544891     40960.00
       30.72     0.999977      4544897     43690.67
       30.98     0.999979      4544907     46811.43
       31.10     0.999980      4544914     50412.31
       31.23     0.999982      4544918     54613.33
       31.49     0.999983      4544925     59578.18
       31.74     0.999985      4544932     65536.00
       31.87     0.999986      4544935     68985.26
       32.00     0.999986      4544939     72817.78
       32.13     0.999987      4544943     77101.18
       32.26     0.999988      4544947     81920.00
       32.38     0.999989      4544950     87381.33
       32.64     0.999989      4544953     93622.86
       33.02     0.999990      4544956    100824.62
       36.35     0.999991      4544959    109226.67
       38.40     0.999992      4544962    119156.36
       39.94     0.999992      4544966    131072.00
       40.70     0.999993      4544968    137970.53
       40.96     0.999993      4544969    145635.56
       42.24     0.999994      4544971    154202.35
       44.03     0.999994      4544973    163840.00
       44.29     0.999994      4544974    174762.67
       45.57     0.999995      4544976    187245.71
       46.59     0.999995      4544978    201649.23
       48.64     0.999995      4544980    218453.33
       48.90     0.999996      4544981    238312.73
       50.17     0.999996      4544983    262144.00
       51.45     0.999996      4544984    275941.05
       51.97     0.999997      4544985    291271.11
       52.48     0.999997      4544986    308404.71
       53.25     0.999997      4544987    327680.00
       53.25     0.999997      4544987    349525.33
       54.27     0.999997      4544988    374491.43
       55.04     0.999998      4544989    403298.46
       55.55     0.999998      4544990    436906.67
       56.06     0.999998      4544991    476625.45
       56.83     0.999998      4544992    524288.00
       56.83     0.999998      4544992    551882.11
       57.34     0.999998      4544993    582542.22
       57.34     0.999998      4544993    616809.41
       57.85     0.999998      4544994    655360.00
       57.85     0.999999      4544994    699050.67
       57.85     0.999999      4544994    748982.86
       58.37     0.999999      4544995    806596.92
       58.37     0.999999      4544995    873813.33
       59.65     0.999999      4544996    953250.91
       59.65     0.999999      4544996   1048576.00
       59.65     0.999999      4544996   1103764.21
       60.67     0.999999      4544997   1165084.44
       60.67     0.999999      4544997   1233618.82
       60.67     0.999999      4544997   1310720.00
       60.67     0.999999      4544997   1398101.33
       60.67     0.999999      4544997   1497965.71
       62.21     0.999999      4544998   1613193.85
       62.21     0.999999      4544998   1747626.67
       62.21     0.999999      4544998   1906501.82
       62.21     1.000000      4544998   2097152.00
       62.21     1.000000      4544998   2207528.42
       62.46     1.000000      4544999   2330168.89
       62.46     1.000000      4544999   2467237.65
       62.46     1.000000      4544999   2621440.00
       62.46     1.000000      4544999   2796202.67
       62.46     1.000000      4544999   2995931.43
       62.46     1.000000      4544999   3226387.69
       62.46     1.000000      4544999   3495253.33
       62.46     1.000000      4544999   3813003.64
       62.46     1.000000      4544999   4194304.00
       62.46     1.000000      4544999   4415056.84
       63.49     1.000000      4545000   4660337.78
       63.49     1.000000      4545000          inf
#[Mean    =        2.311, StdDeviation   =        1.125]
#[Max     =       63.487, Total count    =      4545000]
#[Buckets =           10, SubBuckets     =          256]
