       Value   Percentile   TotalCount 1/(1-Percentile)

        0.07     0.000000            6         1.00
        2.67     0.050000       236739         1.05
        2.72     0.100000       533897         1.11
        2.77     0.150000       687671         1.18
        2.81     0.200000       941803         1.25
        2.85     0.250000      1183094         1.33
        2.88     0.300000      1456515         1.43
        2.91     0.350000      1721681         1.54
        2.93     0.400000      1915056         1.67
        2.94     0.450000      2104458         1.82
        2.98     0.500000      2292491         2.00
        3.02     0.525000      2400405         2.11
        3.07     0.550000      2515258         2.22
        3.13     0.575000      2634495         2.35
        3.15     0.600000      2748558         2.50
        3.17     0.625000      2889359         2.67
        3.18     0.650000      3033794         2.86
        3.20     0.675000      3166703         3.08
        3.21     0.700000      3268263         3.33
        3.23     0.725000      3347887         3.64
        3.25     0.750000      3428556         4.00
        3.26     0.762500      3488409         4.21
        3.28     0.775000      3533091         4.44
        3.29     0.787500      3594772         4.71
        3.31     0.800000      3711319         5.00
        3.31     0.812500      3711319         5.33
        3.33     0.825000      3848928         5.71
        3.33     0.837500      3848928         6.15
        3.34     0.850000      3947383         6.67
        3.34     0.862500      3947383         7.27
        3.36     0.875000      4001135         8.00
        3.38     0.881250      4046995         8.42
        3.38     0.887500      4046995         8.89
        3.39     0.893750      4088843         9.41
        3.41     0.900000      4148184        10.00
        3.41     0.906250      4148184        10.67
        3.41     0.912500      4148184        11.43
        3.42     0.918750      4217946        12.31
        3.42     0.925000      4217946        13.33
        3.44     0.931250      4298280        14.55
        3.44     0.937500      4298280        16.00
        3.44     0.940625      4298280        16.84
        3.44     0.943750      4298280        17.78
        3.46     0.946875      4375513        18.82
        3.46     0.950000      4375513        20.00
        3.46     0.953125      4375513        21.33
        3.46     0.956250      4375513        22.86
        3.46     0.959375      4375513        24.62
        3.46     0.962500      4375513        26.67
        3.47     0.965625      4422102        29.09
        3.47     0.968750      4422102        32.00
        3.47     0.970313      4422102        33.68
        3.47     0.971875      4422102        35.56
        3.49     0.973437      4447388        37.65
        3.49     0.975000      4447388        40.00
        3.49     0.976562      4447388        42.67
        3.49     0.978125      4447388        45.71
        3.50     0.979688      4461154        49.23
        3.50     0.981250      4461154        53.33
        3.52     0.982812      4469277        58.18
        3.54     0.984375      4474523        64.00
        3.55     0.985156      4478065        67.37
        3.57     0.985938      4481603        71.11
        3.60     0.986719      4486230        75.29
        3.63     0.987500      4489053        80.00
        3.66     0.988281      4492238        85.33
        3.71     0.989062      4496353        91.43
        3.74     0.989844      4499161        98.46
        3.84     0.990625      4502744       106.67
        4.16     0.991406      4506257       116.36
        4.45     0.992188      4512442       128.00
        4.45     0.992578      4512442       134.74
        4.48     0.992969      4513759       142.22
        4.54     0.993359      4514904       150.59
        4.64     0.993750      4516723       160.00
        4.83     0.994141      4518527       170.67
        5.18     0.994531      4520204       182.86
        6.08     0.994922      4521978       196.92
        7.04     0.995313      4523718       213.33
        8.10     0.995703      4525512       232.73
        9.15     0.996094      4527288       256.00
        9.66     0.996289      4528165       269.47
       10.24     0.996484      4529124       284.44
       10.69     0.996680      4529939       301.18
       11.20     0.996875      4530857       320.00
       11.65     0.997070      4531745       341.33
       12.03     0.997266      4532635       365.71
       12.29     0.997461      4533512       393.85
       12.86     0.997656      4534443       426.67
       13.38     0.997852      4535309       465.45
       13.89     0.998047      4536141       512.00
       14.14     0.998145      4536593       538.95
       14.46     0.998242      4537123       568.89
       14.72     0.998340      4537569       602.35
       14.91     0.998437      4537906       640.00
       15.23     0.998535      4538450       682.67
       15.49     0.998633      4538858       731.43
       15.74     0.998730      4539292       787.69
       16.00     0.998828      4539716       853.33
       16.25     0.998926      4540138       930.91
       16.64     0.999023      4540734      1024.00
       16.77     0.999072      4540919      1077.89
       16.89     0.999121      4541109      1137.78
       17.02     0.999170      4541297      1204.71
       17.15     0.999219      4541470      1280.00
       17.41     0.999268      4541828      1365.33
       17.54     0.999316      4541987      1462.86
       17.66     0.999365      4542171      1575.38
       17.92     0.999414      4542474      1706.67
       18.05     0.999463      4542635      1861.82
       18.30     0.999512      4542898      2048.00
       18.30     0.999536      4542898      2155.79
       18.43     0.999561      4543006      2275.56
       18.69     0.999585      4543179      2409.41
       18.82     0.999609      4543262      2560.00
       19.07     0.999634      4543394      2730.67
       19.20     0.999658      4543450      2925.71
       19.58     0.999683      4543573      3150.77
       19.97     0.999707      4543673      3413.33
       20.61     0.999731      4543786      3723.64
       21.63     0.999756      4543894      4096.00
       22.27     0.999768      4543957      4311.58
       22.78     0.999780      4544006      4551.11
       23.30     0.999792      4544057      4818.82
       23.93     0.999805      4544121      5120.00
       24.45     0.999817      4544180      5461.33
       24.96     0.999829      4544232      5851.43
       25.47     0.999841      4544284      6301.54
       26.11     0.999854      4544346      6826.67
       26.62     0.999866      4544397      7447.27
       27.14     0.999878      4544454      8192.00
       27.39     0.999884      4544478      8623.16
       27.65     0.999890      4544507      9102.22
       27.90     0.999896      4544531      9637.65
       28.29     0.999902      4544563     10240.00
       28.54     0.999908      4544587     10922.67
       28.93     0.999915      4544614     11702.86
       29.18     0.999921      4544642     12603.08
       29.57     0.999927      4544669     13653.33
       29.95     0.999933      4544700     14894.55
       30.21     0.999939      4544725     16384.00
       30.46     0.999942      4544749     17246.32
       30.59     0.999945      4544758     18204.44
       30.72     0.999948      4544766     19275.29
       30.85     0.999951      4544779     20480.00
       31.10     0.999954      4544802     21845.33
       31.23     0.999957      4544807     23405.71
       31.49     0.999960      4544829     25206.15
       31.61     0.999963      4544837     27306.67
       31.87     0.999966      4544859     29789.09
       32.00     0.999969      4544863     32768.00
       32.13     0.999971      4544874     34492.63
       32.26     0.999973      4544885     36408.89
       32.26     0.999974      4544885     38550.59
       32.38     0.999976      4544891     40960.00
       32.51     0.999977      4544900     43690.67
       32.64     0.999979      4544908     46811.43
       32.77     0.999980      4544914     50412.31
       33.02     0.999982      4544925     54613.33
       33.02     0.999983      4544925     59578.18
       33.28     0.999985      4544940     65536.00
       33.28     0.999986      4544940     68985.26
       33.28     0.999986      4544940     72817.78
       33.53     0.999987      4544949     77101.18
       33.53     0.999988      4544949     81920.00
       33.53     0.999989      4544949     87381.33
       33.79     0.999989      4544959     93622.86
       33.79     0.999990      4544959    100824.62
       33.79     0.999991      4544959    109226.67
       34.30     0.999992      4544971    119156.36
       34.30     0.999992      4544971    131072.00
       34.30     0.999993      4544971    137970.53
       34.30     0.999993      4544971    145635.56
       34.30     0.999994      4544971    154202.35
       34.56     0.999994      4544973    163840.00
       34.81     0.999994      4544974    174762.67
       35.07     0.999995      4544980    187245.71
       35.07     0.999995      4544980    201649.23
       35.07     0.999995      4544980    218453.33
       35.33     0.999996      4544981    238312.73
       35.84     0.999996      4544986    262144.00
       35.84     0.999996      4544986    275941.05
       35.84     0.999997      4544986    291271.11
       35.84     0.999997      4544986    308404.71
       36.35     0.999997      4544989    327680.00
       36.35     0.999997      4544989    349525.33
       36.35     0.999997      4544989    374491.43
       36.35     0.999998      4544989    403298.46
       36.86     0.999998      4544990    436906.67
       37.12     0.999998      4544991    476625.45
       37.38     0.999998      4544993    524288.00
       37.38     0.999998      4544993    551882.11
       37.38     0.999998      4544993    582542.22
       37.38     0.999998      4544993    616809.41
      206.85     0.999998      4544994    655360.00
      206.85     0.999999      4544994    699050.67
      206.85     0.999999      4544994    748982.86
      207.87     0.999999      4545000    806596.92
      207.87     1.000000      4545000          inf
#[Mean    =        3.087, StdDeviation   =        0.875]
#[Max     =      207.871, Total count    =      4545000]
#[Buckets =           10, SubBuckets     =          256]
