Value Percentile TotalCount 1/(1-Percentile)

0.06 0.000000 4 1.00
1.30 0.050000 107479 1.05
1.33 0.100000 214437 1.11
1.35 0.150000 308645 1.18
1.37 0.200000 434898 1.25
1.38 0.250000 509143 1.33
1.39 0.300000 672584 1.43
1.40 0.350000 756835 1.54
1.41 0.400000 839454 1.67
1.42 0.450000 918495 1.82
1.43 0.500000 1055792 2.00
1.43 0.525000 1055792 2.11
1.44 0.550000 1112767 2.22
1.45 0.575000 1161986 2.35
1.46 0.600000 1204576 2.50
1.47 0.625000 1273658 2.67
1.48 0.650000 1301456 2.86
1.50 0.675000 1363256 3.08
1.53 0.700000 1400615 3.33
1.63 0.725000 1451935 3.64
1.73 0.750000 1502645 4.00
1.76 0.762500 1530509 4.21
1.78 0.775000 1554955 4.44
1.81 0.787500 1582380 4.71
1.82 0.800000 1601705 5.00
1.85 0.812500 1632856 5.33
1.86 0.825000 1654253 5.71
1.88 0.837500 1676405 6.15
1.90 0.850000 1710109 6.67
1.92 0.862500 1732414 7.27
1.94 0.875000 1754443 8.00
1.94 0.881250 1765100 8.42
1.95 0.887500 1775654 8.89
1.97 0.893750 1795981 9.41
1.98 0.900000 1805432 10.00
1.98 0.906250 1814444 10.67
2.00 0.912500 1831194 11.43
2.01 0.918750 1838747 12.31
2.02 0.925000 1852510 13.33
2.04 0.931250 1864369 14.55
2.06 0.937500 1879211 16.00
2.08 0.940625 1887371 16.84
2.10 0.943750 1894171 17.78
2.10 0.946875 1894171 18.82
2.13 0.950000 1904837 20.00
2.14 0.953125 1908657 21.33
2.17 0.956250 1914180 22.86
2.22 0.959375 1918828 24.62
2.45 0.962500 1925711 26.67
2.50 0.965625 1931694 29.09
2.53 0.968750 1938211 32.00
2.54 0.970313 1942196 33.68
2.56 0.971875 1946691 35.56
2.58 0.973437 1951355 37.65
2.58 0.975000 1951355 40.00
2.59 0.976562 1956137 42.67
2.61 0.978125 1960989 45.71
2.61 0.979688 1960989 49.23
2.62 0.981250 1965882 53.33
2.62 0.982812 1965882 58.18
2.64 0.984375 1970421 64.00
2.64 0.985156 1970421 67.37
2.65 0.985938 1974494 71.11
2.65 0.986719 1974494 75.29
2.67 0.987500 1978204 80.00
2.67 0.988281 1978204 85.33
2.67 0.989062 1978204 91.43
2.69 0.989844 1981557 98.46
2.69 0.990625 1981557 106.67
2.70 0.991406 1984377 116.36
2.70 0.992188 1984377 128.00
2.72 0.992578 1986771 134.74
2.72 0.992969 1986771 142.22
2.72 0.993359 1986771 150.59
2.73 0.993750 1988801 160.00
2.73 0.994141 1988801 170.67
2.75 0.994531 1990499 182.86
2.75 0.994922 1990499 196.92
2.77 0.995313 1991786 213.33
2.77 0.995703 1991786 232.73
2.78 0.996094 1992795 256.00
2.78 0.996289 1992795 269.47
2.80 0.996484 1993573 284.44
2.80 0.996680 1993573 301.18
2.81 0.996875 1994177 320.00
2.81 0.997070 1994177 341.33
2.83 0.997266 1994646 365.71
2.85 0.997461 1994937 393.85
2.90 0.997656 1995393 426.67
3.04 0.997852 1995717 465.45
3.34 0.998047 1996123 512.00
3.49 0.998145 1996302 538.95
3.66 0.998242 1996493 568.89
3.82 0.998340 1996685 602.35
4.00 0.998437 1996897 640.00
4.16 0.998535 1997098 682.67
4.32 0.998633 1997297 731.43
4.48 0.998730 1997491 787.69
4.61 0.998828 1997673 853.33
4.77 0.998926 1997878 930.91
4.89 0.999023 1998050 1024.00
4.99 0.999072 1998169 1077.89
5.09 0.999121 1998276 1137.78
5.15 0.999170 1998360 1204.71
5.25 0.999219 1998471 1280.00
5.31 0.999268 1998550 1365.33
5.41 0.999316 1998667 1462.86
5.47 0.999365 1998744 1575.38
5.57 0.999414 1998850 1706.67
5.63 0.999463 1998931 1861.82
5.73 0.999512 1999037 2048.00
5.79 0.999536 1999109 2155.79
5.82 0.999561 1999140 2275.56
5.86 0.999585 1999179 2409.41
5.92 0.999609 1999243 2560.00
5.95 0.999634 1999273 2730.67
6.01 0.999658 1999323 2925.71
6.08 0.999683 1999376 3150.77
6.14 0.999707 1999416 3413.33
6.24 0.999731 1999478 3723.64
6.30 0.999756 1999513 4096.00
6.37 0.999768 1999539 4311.58
6.43 0.999780 1999567 4551.11
6.50 0.999792 1999598 4818.82
6.56 0.999805 1999621 5120.00
6.59 0.999817 1999636 5461.33
6.69 0.999829 1999669 5851.43
6.75 0.999841 1999685 6301.54
6.85 0.999854 1999713 6826.67
6.97 0.999866 1999736 7447.27
7.13 0.999878 1999758 8192.00
7.23 0.999884 1999772 8623.16
7.29 0.999890 1999782 9102.22
7.55 0.999896 1999793 9637.65
9.54 0.999902 1999806 10240.00
9.79 0.999908 1999820 10922.67
9.92 0.999915 1999831 11702.86
10.11 0.999921 1999843 12603.08
10.24 0.999927 1999854 13653.33
10.37 0.999933 1999868 14894.55
10.49 0.999939 1999882 16384.00
10.56 0.999942 1999885 17246.32
10.69 0.999945 1999896 18204.44
10.75 0.999948 1999904 19275.29
10.75 0.999951 1999904 20480.00
10.88 0.999954 1999914 21845.33
10.94 0.999957 1999919 23405.71
11.01 0.999960 1999923 25206.15
11.07 0.999963 1999928 27306.67
11.13 0.999966 1999933 29789.09
11.26 0.999969 1999942 32768.00
11.33 0.999971 1999946 34492.63
11.33 0.999973 1999946 36408.89
11.39 0.999974 1999951 38550.59
11.46 0.999976 1999956 40960.00
11.46 0.999977 1999956 43690.67
11.52 0.999979 1999960 46811.43
11.58 0.999980 1999965 50412.31
11.58 0.999982 1999965 54613.33
11.65 0.999983 1999971 59578.18
11.65 0.999985 1999971 65536.00
11.71 0.999986 1999976 68985.26
11.71 0.999986 1999976 72817.78
11.71 0.999987 1999976 77101.18
11.71 0.999988 1999976 81920.00
11.78 0.999989 1999980 87381.33
11.78 0.999989 1999980 93622.86
11.84 0.999990 1999983 100824.62
11.84 0.999991 1999983 109226.67
11.90 0.999992 1999986 119156.36
11.90 0.999992 1999986 131072.00
11.90 0.999993 1999986 137970.53
11.97 0.999993 1999990 145635.56
11.97 0.999994 1999990 154202.35
11.97 0.999994 1999990 163840.00
11.97 0.999994 1999990 174762.67
11.97 0.999995 1999990 187245.71
12.03 0.999995 1999991 201649.23
12.03 0.999995 1999991 218453.33
12.16 0.999996 1999993 238312.73
12.16 0.999996 1999993 262144.00
12.16 0.999996 1999993 275941.05
12.29 0.999997 1999994 291271.11
12.29 0.999997 1999994 308404.71
12.29 0.999997 1999994 327680.00
12.99 0.999997 1999995 349525.33
12.99 0.999997 1999995 374491.43
13.12 0.999998 1999997 403298.46
13.12 0.999998 1999997 436906.67
13.12 0.999998 1999997 476625.45
13.12 0.999998 1999997 524288.00
13.12 0.999998 1999997 551882.11
13.12 0.999998 1999997 582542.22
13.12 0.999998 1999997 616809.41
13.12 0.999998 1999997 655360.00
13.25 0.999999 1999999 699050.67
13.25 0.999999 1999999 748982.86
13.25 0.999999 1999999 806596.92
13.25 0.999999 1999999 873813.33
13.25 0.999999 1999999 953250.91
13.25 0.999999 1999999 1048576.00
13.25 0.999999 1999999 1103764.21
13.25 0.999999 1999999 1165084.44
13.25 0.999999 1999999 1233618.82
13.25 0.999999 1999999 1310720.00
13.25 0.999999 1999999 1398101.33
13.25 0.999999 1999999 1497965.71
13.25 0.999999 1999999 1613193.85
13.25 0.999999 1999999 1747626.67
13.25 0.999999 1999999 1906501.82
13.31 1.000000 2000000 2097152.00
13.31 1.000000 2000000 inf
