       Value   Percentile   TotalCount 1/(1-Percentile)

        0.05     0.000000            1         1.00
        2.91     0.050000       249867         1.05
        2.94     0.100000       561971         1.11
        2.96     0.150000       760048         1.18
        2.98     0.200000       991652         1.25
        2.99     0.250000      1248239         1.33
        3.01     0.300000      1523751         1.43
        3.02     0.350000      1819391         1.54
        3.02     0.400000      1819391         1.67
        3.04     0.450000      2121151         1.82
        3.06     0.500000      2423848         2.00
        3.06     0.525000      2423848         2.11
        3.07     0.550000      2721240         2.22
        3.07     0.575000      2721240         2.35
        3.09     0.600000      2991463         2.50
        3.09     0.625000      2991463         2.67
        3.09     0.650000      2991463         2.86
        3.10     0.675000      3238130         3.08
        3.10     0.700000      3238130         3.33
        3.12     0.725000      3457637         3.64
        3.12     0.750000      3457637         4.00
        3.13     0.762500      3645012         4.21
        3.13     0.775000      3645012         4.44
        3.13     0.787500      3645012         4.71
        3.13     0.800000      3645012         5.00
        3.15     0.812500      3820528         5.33
        3.15     0.825000      3820528         5.71
        3.15     0.837500      3820528         6.15
        3.17     0.850000      3977371         6.67
        3.17     0.862500      3977371         7.27
        3.17     0.875000      3977371         8.00
        3.18     0.881250      4110973         8.42
        3.18     0.887500      4110973         8.89
        3.18     0.893750      4110973         9.41
        3.18     0.900000      4110973        10.00
        3.20     0.906250      4220003        10.67
        3.20     0.912500      4220003        11.43
        3.20     0.918750      4220003        12.31
        3.20     0.925000      4220003        13.33
        3.21     0.931250      4307018        14.55
        3.21     0.937500      4307018        16.00
        3.21     0.940625      4307018        16.84
        3.21     0.943750      4307018        17.78
        3.21     0.946875      4307018        18.82
        3.23     0.950000      4370130        20.00
        3.23     0.953125      4370130        21.33
        3.23     0.956250      4370130        22.86
        3.23     0.959375      4370130        24.62
        3.25     0.962500      4404050        26.67
        3.25     0.965625      4404050        29.09
        3.25     0.968750      4404050        32.00
        3.26     0.970313      4416738        33.68
        3.28     0.971875      4422495        35.56
        3.29     0.973437      4426423        37.65
        3.34     0.975000      4431818        40.00
        3.44     0.976562      4440649        42.67
        3.46     0.978125      4446528        45.71
        3.47     0.979688      4453249        49.23
        3.49     0.981250      4459884        53.33
        3.52     0.982812      4470039        58.18
        3.55     0.984375      4475115        64.00
        3.73     0.985156      4477739        67.37
        4.16     0.985938      4481176        71.11
        4.22     0.986719      4491697        75.29
        4.22     0.987500      4491697        80.00
        4.25     0.988281      4497811        85.33
        4.25     0.989062      4497811        91.43
        4.35     0.989844      4498841        98.46
        4.48     0.990625      4503959       106.67
        4.51     0.991406      4510648       116.36
        4.51     0.992188      4510648       128.00
        4.54     0.992578      4512700       134.74
        4.58     0.992969      4513055       142.22
        4.77     0.993359      4515736       150.59
        4.80     0.993750      4517470       160.00
        5.02     0.994141      4518487       170.67
        5.60     0.994531      4520207       182.86
        6.46     0.994922      4521931       196.92
        7.42     0.995313      4523722       213.33
        8.45     0.995703      4525525       232.73
        9.47     0.996094      4527297       256.00
        9.98     0.996289      4528173       269.47
       10.49     0.996484      4529049       284.44
       11.07     0.996680      4530026       301.18
       11.52     0.996875      4530842       320.00
       11.97     0.997070      4531773       341.33
       12.41     0.997266      4532690       365.71
       12.73     0.997461      4533504       393.85
       13.05     0.997656      4534433       426.67
       13.57     0.997852      4535282       465.45
       14.08     0.998047      4536152       512.00
       14.34     0.998145      4536581       538.95
       14.59     0.998242      4537054       568.89
       14.85     0.998340      4537505       602.35
       15.10     0.998437      4537955       640.00
       15.36     0.998535      4538408       682.67
       15.62     0.998633      4538862       731.43
       15.87     0.998730      4539330       787.69
       16.13     0.998828      4539745       853.33
       16.38     0.998926      4540156       930.91
       16.77     0.999023      4540752      1024.00
       16.89     0.999072      4540934      1077.89
       17.02     0.999121      4541125      1137.78
       17.15     0.999170      4541304      1204.71
       17.28     0.999219      4541492      1280.00
       17.54     0.999268      4541839      1365.33
       17.66     0.999316      4541997      1462.86
       17.79     0.999365      4542159      1575.38
       18.05     0.999414      4542444      1706.67
       18.30     0.999463      4542637      1861.82
       18.56     0.999512      4542808      2048.00
       18.82     0.999536      4542920      2155.79
       19.20     0.999561      4543038      2275.56
       19.58     0.999585      4543117      2409.41
       20.35     0.999609      4543235      2560.00
       21.25     0.999634      4543346      2730.67
       22.02     0.999658      4543452      2925.71
       22.91     0.999683      4543568      3150.77
       23.68     0.999707      4543674      3413.33
       24.45     0.999731      4543784      3723.64
       25.21     0.999756      4543891      4096.00
       25.73     0.999768      4543964      4311.58
       26.11     0.999780      4544010      4551.11
       26.50     0.999792      4544061      4818.82
       27.01     0.999805      4544129      5120.00
       27.26     0.999817      4544168      5461.33
       27.77     0.999829      4544235      5851.43
       28.16     0.999841      4544290      6301.54
       28.54     0.999854      4544345      6826.67
       28.93     0.999866      4544391      7447.27
       29.31     0.999878      4544454      8192.00
       29.57     0.999884      4544484      8623.16
       29.70     0.999890      4544504      9102.22
       29.95     0.999896      4544543      9637.65
       30.21     0.999902      4544572     10240.00
       30.34     0.999908      4544594     10922.67
       30.46     0.999915      4544613     11702.86
       30.72     0.999921      4544640     12603.08
       30.98     0.999927      4544676     13653.33
       31.10     0.999933      4544700     14894.55
       31.36     0.999939      4544728     16384.00
       31.49     0.999942      4544742     17246.32
       31.61     0.999945      4544760     18204.44
       31.74     0.999948      4544779     19275.29
       31.74     0.999951      4544779     20480.00
       32.00     0.999954      4544803     21845.33
       32.13     0.999957      4544820     23405.71
       32.13     0.999960      4544820     25206.15
       32.26     0.999963      4544840     27306.67
       32.38     0.999966      4544853     29789.09
       32.51     0.999969      4544865     32768.00
       32.64     0.999971      4544878     34492.63
       32.64     0.999973      4544878     36408.89
       32.77     0.999974      4544884     38550.59
       33.02     0.999976      4544908     40960.00
       33.02     0.999977      4544908     43690.67
       33.02     0.999979      4544908     46811.43
       33.28     0.999980      4544922     50412.31
       33.28     0.999982      4544922     54613.33
       33.53     0.999983      4544935     59578.18
       33.53     0.999985      4544935     65536.00
       33.53     0.999986      4544935     68985.26
       33.79     0.999986      4544944     72817.78
       33.79     0.999987      4544944     77101.18
       34.05     0.999988      4544956     81920.00
       34.05     0.999989      4544956     87381.33
       34.05     0.999989      4544956     93622.86
       34.05     0.999990      4544956    100824.62
       34.30     0.999991      4544964    109226.67
       34.30     0.999992      4544964    119156.36
       34.56     0.999992      4544972    131072.00
       34.56     0.999993      4544972    137970.53
       34.56     0.999993      4544972    145635.56
       34.56     0.999994      4544972    154202.35
       34.81     0.999994      4544979    163840.00
       34.81     0.999994      4544979    174762.67
       34.81     0.999995      4544979    187245.71
       34.81     0.999995      4544979    201649.23
       35.07     0.999995      4544980    218453.33
       35.33     0.999996      4544984    238312.73
       35.33     0.999996      4544984    262144.00
       35.33     0.999996      4544984    275941.05
       35.58     0.999997      4544987    291271.11
       35.58     0.999997      4544987    308404.71
       35.58     0.999997      4544987    327680.00
       35.58     0.999997      4544987    349525.33
       35.84     0.999997      4544988    374491.43
       36.09     0.999998      4544989    403298.46
       36.35     0.999998      4544990    436906.67
       36.86     0.999998      4544991    476625.45
      209.92     0.999998      4544994    524288.00
      209.92     0.999998      4544994    551882.11
      209.92     0.999998      4544994    582542.22
      209.92     0.999998      4544994    616809.41
      209.92     0.999998      4544994    655360.00
      209.92     0.999999      4544994    699050.67
      209.92     0.999999      4544994    748982.86
      210.94     0.999999      4544997    806596.92
      210.94     0.999999      4544997    873813.33
      210.94     0.999999      4544997    953250.91
      210.94     0.999999      4544997   1048576.00
      210.94     0.999999      4544997   1103764.21
      210.94     0.999999      4544997   1165084.44
      210.94     0.999999      4544997   1233618.82
      210.94     0.999999      4544997   1310720.00
      210.94     0.999999      4544997   1398101.33
      210.94     0.999999      4544997   1497965.71
      211.97     0.999999      4544999   1613193.85
      211.97     0.999999      4544999   1747626.67
      211.97     0.999999      4544999   1906501.82
      211.97     1.000000      4544999   2097152.00
      211.97     1.000000      4544999   2207528.42
      211.97     1.000000      4544999   2330168.89
      211.97     1.000000      4544999   2467237.65
      211.97     1.000000      4544999   2621440.00
      211.97     1.000000      4544999   2796202.67
      211.97     1.000000      4544999   2995931.43
      211.97     1.000000      4544999   3226387.69
      211.97     1.000000      4544999   3495253.33
      211.97     1.000000      4544999   3813003.64
      211.97     1.000000      4544999   4194304.00
      211.97     1.000000      4544999   4415056.84
      212.99     1.000000      4545000   4660337.78
      212.99     1.000000      4545000          inf
#[Mean    =        3.107, StdDeviation   =        0.904]
#[Max     =      212.991, Total count    =      4545000]
#[Buckets =           10, SubBuckets     =          256]
