       Value   Percentile   TotalCount 1/(1-Percentile)

        0.06     0.000000            4         1.00
        2.91     0.050000        25344         1.05
        2.94     0.100000        55548         1.11
        2.96     0.150000        75050         1.18
        2.98     0.200000        97703         1.25
        2.99     0.250000       124061         1.33
        3.01     0.300000       151906         1.43
        3.02     0.350000       181283         1.54
        3.04     0.400000       212102         1.67
        3.04     0.450000       212102         1.82
        3.06     0.500000       242671         2.00
        3.06     0.525000       242671         2.11
        3.07     0.550000       272568         2.22
        3.07     0.575000       272568         2.35
        3.09     0.600000       299405         2.50
        3.09     0.625000       299405         2.67
        3.09     0.650000       299405         2.86
        3.10     0.675000       324726         3.08
        3.10     0.700000       324726         3.33
        3.12     0.725000       346788         3.64
        3.12     0.750000       346788         4.00
        3.13     0.762500       365566         4.21
        3.13     0.775000       365566         4.44
        3.13     0.787500       365566         4.71
        3.13     0.800000       365566         5.00
        3.15     0.812500       382821         5.33
        3.15     0.825000       382821         5.71
        3.15     0.837500       382821         6.15
        3.17     0.850000       398425         6.67
        3.17     0.862500       398425         7.27
        3.17     0.875000       398425         8.00
        3.18     0.881250       411220         8.42
        3.18     0.887500       411220         8.89
        3.18     0.893750       411220         9.41
        3.18     0.900000       411220        10.00
        3.20     0.906250       421912        10.67
        3.20     0.912500       421912        11.43
        3.20     0.918750       421912        12.31
        3.20     0.925000       421912        13.33
        3.21     0.931250       430887        14.55
        3.21     0.937500       430887        16.00
        3.21     0.940625       430887        16.84
        3.21     0.943750       430887        17.78
        3.21     0.946875       430887        18.82
        3.23     0.950000       437096        20.00
        3.23     0.953125       437096        21.33
        3.23     0.956250       437096        22.86
        3.23     0.959375       437096        24.62
        3.25     0.962500       440622        26.67
        3.25     0.965625       440622        29.09
        3.26     0.968750       441952        32.00
        3.26     0.970313       441952        33.68
        3.28     0.971875       442470        35.56
        3.31     0.973437       443037        37.65
        3.41     0.975000       443650        40.00
        3.46     0.976562       444825        42.67
        3.47     0.978125       445477        45.71
        3.49     0.979688       446092        49.23
        3.50     0.981250       446657        53.33
        3.54     0.982812       447494        58.18
        3.63     0.984375       447906        64.00
        3.69     0.985156       448315        67.37
        4.09     0.985938       448604        71.11
        4.22     0.986719       449723        75.29
        4.22     0.987500       449723        80.00
        4.22     0.988281       449723        85.33
        4.25     0.989062       450299        91.43
        4.35     0.989844       450382        98.46
        4.48     0.990625       450846       106.67
        4.51     0.991406       451479       116.36
        4.51     0.992188       451479       128.00
        4.54     0.992578       451692       134.74
        4.67     0.992969       451807       142.22
        4.80     0.993359       452147       150.59
        4.83     0.993750       452169       160.00
        5.47     0.994141       452334       170.67
        6.30     0.994531       452517       182.86
        7.17     0.994922       452691       196.92
        8.00     0.995313       452872       213.33
        8.77     0.995703       453051       232.73
        9.60     0.996094       453224       256.00
        9.98     0.996289       453321       269.47
       10.37     0.996484       453410       284.44
       10.69     0.996680       453494       301.18
       11.13     0.996875       453588       320.00
       11.58     0.997070       453674       341.33
       12.03     0.997266       453767       365.71
       12.41     0.997461       453847       393.85
       12.86     0.997656       453938       426.67
       13.31     0.997852       454025       465.45
       13.76     0.998047       454120       512.00
       13.95     0.998145       454159       538.95
       14.21     0.998242       454205       568.89
       14.46     0.998340       454257       602.35
       14.65     0.998437       454293       640.00
       14.91     0.998535       454343       682.67
       15.10     0.998633       454379       731.43
       15.36     0.998730       454431       787.69
       15.55     0.998828       454467       853.33
       15.81     0.998926       454516       930.91
       16.00     0.999023       454559      1024.00
       16.13     0.999072       454582      1077.89
       16.25     0.999121       454603      1137.78
       16.38     0.999170       454630      1204.71
       16.51     0.999219       454652      1280.00
       16.64     0.999268       454679      1365.33
       16.77     0.999316       454696      1462.86
       16.89     0.999365       454717      1575.38
       17.02     0.999414       454744      1706.67
       17.15     0.999463       454764      1861.82
       17.28     0.999512       454788      2048.00
       17.41     0.999536       454815      2155.79
       17.41     0.999561       454815      2275.56
       17.41     0.999585       454815      2409.41
       17.54     0.999609       454830      2560.00
       17.66     0.999634       454850      2730.67
       17.66     0.999658       454850      2925.71
       17.79     0.999683       454865      3150.77
       17.92     0.999707       454874      3413.33
       18.05     0.999731       454894      3723.64
       18.05     0.999756       454894      4096.00
       18.18     0.999768       454903      4311.58
       18.18     0.999780       454903      4551.11
       18.30     0.999792       454911      4818.82
       18.43     0.999805       454918      5120.00
       18.43     0.999817       454918      5461.33
       18.56     0.999829       454924      5851.43
       18.69     0.999841       454929      6301.54
       18.94     0.999854       454935      6826.67
       19.33     0.999866       454939      7447.27
       20.22     0.999878       454945      8192.00
       20.86     0.999884       454948      8623.16
       21.50     0.999890       454951      9102.22
       22.27     0.999896       454953      9637.65
       22.91     0.999902       454956     10240.00
       24.06     0.999908       454959     10922.67
       24.83     0.999915       454962     11702.86
       25.21     0.999921       454964     12603.08
       26.24     0.999927       454967     13653.33
       28.03     0.999933       454971     14894.55
       28.93     0.999939       454973     16384.00
       29.05     0.999942       454974     17246.32
       29.31     0.999945       454976     18204.44
       29.70     0.999948       454977     19275.29
       29.95     0.999951       454978     20480.00
       30.08     0.999954       454980     21845.33
       30.34     0.999957       454982     23405.71
       30.34     0.999960       454982     25206.15
       30.72     0.999963       454984     27306.67
       31.10     0.999966       454986     29789.09
       31.36     0.999969       454987     32768.00
       31.36     0.999971       454987     34492.63
       31.49     0.999973       454989     36408.89
       31.49     0.999974       454989     38550.59
       31.49     0.999976       454989     40960.00
       31.61     0.999977       454990     43690.67
       31.74     0.999979       454991     46811.43
       31.74     0.999980       454991     50412.31
       31.87     0.999982       454992     54613.33
       32.26     0.999983       454993     59578.18
       32.64     0.999985       454994     65536.00
       32.64     0.999986       454994     68985.26
       32.64     0.999986       454994     72817.78
       33.02     0.999987       454995     77101.18
       33.02     0.999988       454995     81920.00
       33.02     0.999989       454995     87381.33
       33.28     0.999989       454997     93622.86
       33.28     0.999990       454997    100824.62
       33.28     0.999991       454997    109226.67
       33.28     0.999992       454997    119156.36
       33.28     0.999992       454997    131072.00
       33.28     0.999993       454997    137970.53
       33.28     0.999993       454997    145635.56
       33.53     0.999994       454998    154202.35
       33.53     0.999994       454998    163840.00
       33.53     0.999994       454998    174762.67
       33.53     0.999995       454998    187245.71
       33.53     0.999995       454998    201649.23
       33.53     0.999995       454998    218453.33
       33.79     0.999996       454999    238312.73
       33.79     0.999996       454999    262144.00
       33.79     0.999996       454999    275941.05
       33.79     0.999997       454999    291271.11
       33.79     0.999997       454999    308404.71
       33.79     0.999997       454999    327680.00
       33.79     0.999997       454999    349525.33
       33.79     0.999997       454999    374491.43
       33.79     0.999998       454999    403298.46
       33.79     0.999998       454999    436906.67
       34.05     0.999998       455000    476625.45
       34.05     1.000000       455000          inf
#[Mean    =        3.103, StdDeviation   =        0.787]
#[Max     =       34.047, Total count    =       455000]
#[Buckets =           10, SubBuckets     =          256]
