       Value   Percentile   TotalCount 1/(1-Percentile)

        0.05     0.000000            1         1.00
        2.91     0.050000       275211         1.05
        2.94     0.100000       617519         1.11
        2.96     0.150000       835098         1.18
        2.98     0.200000      1089355         1.25
        2.99     0.250000      1372300         1.33
        3.01     0.300000      1675657         1.43
        3.02     0.350000      2000674         1.54
        3.02     0.400000      2000674         1.67
        3.04     0.450000      2333253         1.82
        3.06     0.500000      2666519         2.00
        3.06     0.525000      2666519         2.11
        3.07     0.550000      2993808         2.22
        3.07     0.575000      2993808         2.35
        3.09     0.600000      3290868         2.50
        3.09     0.625000      3290868         2.67
        3.09     0.650000      3290868         2.86
        3.10     0.675000      3562856         3.08
        3.10     0.700000      3562856         3.33
        3.12     0.725000      3804425         3.64
        3.12     0.750000      3804425         4.00
        3.13     0.762500      4010578         4.21
        3.13     0.775000      4010578         4.44
        3.13     0.787500      4010578         4.71
        3.13     0.800000      4010578         5.00
        3.15     0.812500      4203349         5.33
        3.15     0.825000      4203349         5.71
        3.15     0.837500      4203349         6.15
        3.17     0.850000      4375796         6.67
        3.17     0.862500      4375796         7.27
        3.17     0.875000      4375796         8.00
        3.18     0.881250      4522193         8.42
        3.18     0.887500      4522193         8.89
        3.18     0.893750      4522193         9.41
        3.18     0.900000      4522193        10.00
        3.20     0.906250      4641915        10.67
        3.20     0.912500      4641915        11.43
        3.20     0.918750      4641915        12.31
        3.20     0.925000      4641915        13.33
        3.21     0.931250      4737905        14.55
        3.21     0.937500      4737905        16.00
        3.21     0.940625      4737905        16.84
        3.21     0.943750      4737905        17.78
        3.21     0.946875      4737905        18.82
        3.23     0.950000      4807226        20.00
        3.23     0.953125      4807226        21.33
        3.23     0.956250      4807226        22.86
        3.23     0.959375      4807226        24.62
        3.25     0.962500      4844672        26.67
        3.25     0.965625      4844672        29.09
        3.25     0.968750      4844672        32.00
        3.26     0.970313      4858690        33.68
        3.28     0.971875      4864965        35.56
        3.29     0.973437      4869210        37.65
        3.34     0.975000      4875167        40.00
        3.44     0.976562      4884919        42.67
        3.46     0.978125      4891353        45.71
        3.47     0.979688      4898726        49.23
        3.50     0.981250      4912404        53.33
        3.52     0.982812      4917184        58.18
        3.55     0.984375      4922787        64.00
        3.71     0.985156      4925840        67.37
        4.16     0.985938      4929821        71.11
        4.22     0.986719      4941420        75.29
        4.22     0.987500      4941420        80.00
        4.22     0.988281      4941420        85.33
        4.25     0.989062      4948110        91.43
        4.35     0.989844      4949223        98.46
        4.48     0.990625      4954805       106.67
        4.51     0.991406      4962127       116.36
        4.51     0.992188      4962127       128.00
        4.54     0.992578      4964392       134.74
        4.61     0.992969      4965057       142.22
        4.77     0.993359      4967708       150.59
        4.80     0.993750      4969617       160.00
        5.02     0.994141      4970710       170.67
        5.66     0.994531      4972706       182.86
        6.53     0.994922      4974667       196.92
        7.49     0.995313      4976592       213.33
        8.51     0.995703      4978629       232.73
        9.47     0.996094      4980492       256.00
        9.98     0.996289      4981494       269.47
       10.49     0.996484      4982497       284.44
       11.01     0.996680      4983464       301.18
       11.46     0.996875      4984383       320.00
       11.90     0.997070      4985375       341.33
       12.35     0.997266      4986390       365.71
       12.73     0.997461      4987416       393.85
       13.05     0.997656      4988404       426.67
       13.50     0.997852      4989266       465.45
       14.08     0.998047      4990332       512.00
       14.34     0.998145      4990802       538.95
       14.53     0.998242      4991225       568.89
       14.78     0.998340      4991702       602.35
       15.04     0.998437      4992194       640.00
       15.29     0.998535      4992726       682.67
       15.55     0.998633      4993232       731.43
       15.81     0.998730      4993722       787.69
       16.06     0.998828      4994205       853.33
       16.32     0.998926      4994680       930.91
       16.64     0.999023      4995238      1024.00
       16.77     0.999072      4995448      1077.89
       16.89     0.999121      4995651      1137.78
       17.02     0.999170      4995869      1204.71
       17.28     0.999219      4996280      1280.00
       17.41     0.999268      4996485      1365.33
       17.54     0.999316      4996669      1462.86
       17.66     0.999365      4996847      1575.38
       17.92     0.999414      4997176      1706.67
       18.05     0.999463      4997338      1861.82
       18.43     0.999512      4997651      2048.00
       18.56     0.999536      4997732      2155.79
       18.82     0.999561      4997852      2275.56
       19.07     0.999585      4997939      2409.41
       19.58     0.999609      4998058      2560.00
       20.35     0.999634      4998180      2730.67
       21.25     0.999658      4998296      2925.71
       22.14     0.999683      4998421      3150.77
       23.04     0.999707      4998544      3413.33
       23.93     0.999731      4998675      3723.64
       24.70     0.999756      4998782      4096.00
       25.21     0.999768      4998855      4311.58
       25.60     0.999780      4998905      4551.11
       26.11     0.999792      4998976      4818.82
       26.50     0.999805      4999028      5120.00
       27.01     0.999817      4999097      5461.33
       27.39     0.999829      4999154      5851.43
       27.90     0.999841      4999224      6301.54
       28.29     0.999854      4999280      6826.67
       28.67     0.999866      4999334      7447.27
       29.18     0.999878      4999403      8192.00
       29.31     0.999884      4999430      8623.16
       29.57     0.999890      4999460      9102.22
       29.82     0.999896      4999504      9637.65
       29.95     0.999902      4999521     10240.00
       30.21     0.999908      4999552     10922.67
       30.34     0.999915      4999576     11702.86
       30.59     0.999921      4999606     12603.08
       30.85     0.999927      4999643     13653.33
       31.10     0.999933      4999686     14894.55
       31.23     0.999939      4999696     16384.00
       31.36     0.999942      4999715     17246.32
       31.49     0.999945      4999731     18204.44
       31.61     0.999948      4999750     19275.29
       31.74     0.999951      4999770     20480.00
       31.87     0.999954      4999783     21845.33
       32.00     0.999957      4999795     23405.71
       32.13     0.999960      4999812     25206.15
       32.26     0.999963      4999833     27306.67
       32.26     0.999966      4999833     29789.09
       32.51     0.999969      4999858     32768.00
       32.51     0.999971      4999858     34492.63
       32.64     0.999973      4999872     36408.89
       32.64     0.999974      4999872     38550.59
       32.77     0.999976      4999878     40960.00
       33.02     0.999977      4999903     43690.67
       33.02     0.999979      4999903     46811.43
       33.02     0.999980      4999903     50412.31
       33.28     0.999982      4999919     54613.33
       33.28     0.999983      4999919     59578.18
       33.53     0.999985      4999933     65536.00
       33.53     0.999986      4999933     68985.26
       33.53     0.999986      4999933     72817.78
       33.79     0.999987      4999943     77101.18
       33.79     0.999988      4999943     81920.00
       33.79     0.999989      4999943     87381.33
       34.05     0.999989      4999956     93622.86
       34.05     0.999990      4999956    100824.62
       34.05     0.999991      4999956    109226.67
       34.30     0.999992      4999964    119156.36
       34.30     0.999992      4999964    131072.00
       34.30     0.999993      4999964    137970.53
       34.56     0.999993      4999972    145635.56
       34.56     0.999994      4999972    154202.35
       34.56     0.999994      4999972    163840.00
       34.56     0.999994      4999972    174762.67
       34.81     0.999995      4999979    187245.71
       34.81     0.999995      4999979    201649.23
       34.81     0.999995      4999979    218453.33
       35.07     0.999996      4999980    238312.73
       35.33     0.999996      4999984    262144.00
       35.33     0.999996      4999984    275941.05
       35.33     0.999997      4999984    291271.11
       35.33     0.999997      4999984    308404.71
       35.58     0.999997      4999987    327680.00
       35.58     0.999997      4999987    349525.33
       35.58     0.999997      4999987    374491.43
       35.84     0.999998      4999988    403298.46
       36.09     0.999998      4999989    436906.67
       36.35     0.999998      4999990    476625.45
       36.86     0.999998      4999991    524288.00
       36.86     0.999998      4999991    551882.11
      209.92     0.999998      4999994    582542.22
      209.92     0.999998      4999994    616809.41
      209.92     0.999998      4999994    655360.00
      209.92     0.999999      4999994    699050.67
      209.92     0.999999      4999994    748982.86
      209.92     0.999999      4999994    806596.92
      210.94     0.999999      4999997    873813.33
      210.94     0.999999      4999997    953250.91
      210.94     0.999999      4999997   1048576.00
      210.94     0.999999      4999997   1103764.21
      210.94     0.999999      4999997   1165084.44
      210.94     0.999999      4999997   1233618.82
      210.94     0.999999      4999997   1310720.00
      210.94     0.999999      4999997   1398101.33
      210.94     0.999999      4999997   1497965.71
      210.94     0.999999      4999997   1613193.85
      211.97     0.999999      4999999   1747626.67
      211.97     0.999999      4999999   1906501.82
      211.97     1.000000      4999999   2097152.00
      211.97     1.000000      4999999   2207528.42
      211.97     1.000000      4999999   2330168.89
      211.97     1.000000      4999999   2467237.65
      211.97     1.000000      4999999   2621440.00
      211.97     1.000000      4999999   2796202.67
      211.97     1.000000      4999999   2995931.43
      211.97     1.000000      4999999   3226387.69
      211.97     1.000000      4999999   3495253.33
      211.97     1.000000      4999999   3813003.64
      211.97     1.000000      4999999   4194304.00
      211.97     1.000000      4999999   4415056.84
      211.97     1.000000      4999999   4660337.78
      211.97     1.000000      4999999   4934475.29
      212.99     1.000000      5000000   5242880.00
      212.99     1.000000      5000000          inf
#[Mean    =        3.107, StdDeviation   =        0.894]
#[Max     =      212.991, Total count    =      5000000]
#[Buckets =           10, SubBuckets     =          256]
