Value Percentile TotalCount 1/(1-Percentile)

0.20 0.000000 1 1.00
1.39 0.050000 255324 1.05
1.57 0.100000 501982 1.11
1.69 0.150000 774465 1.18
1.73 0.200000 1055810 1.25
1.75 0.250000 1360263 1.33
1.77 0.300000 1601085 1.43
1.78 0.350000 1836564 1.54
1.80 0.400000 2040379 1.67
1.82 0.450000 2262783 1.82
1.87 0.500000 2529173 2.00
1.90 0.525000 2642134 2.11
1.93 0.550000 2779034 2.22
1.97 0.575000 2883827 2.35
2.10 0.600000 3010096 2.50
2.22 0.625000 3127606 2.67
2.33 0.650000 3266126 2.86
2.45 0.675000 3386927 3.08
2.54 0.700000 3518251 3.33
2.61 0.725000 3649389 3.64
2.65 0.750000 3758481 4.00
2.69 0.762500 3827116 4.21
2.72 0.775000 3882883 4.44
2.78 0.787500 3947652 4.71
2.91 0.800000 4005162 5.00
3.18 0.812500 4064423 5.33
3.33 0.825000 4138107 5.71
3.38 0.837500 4187749 6.15
3.42 0.850000 4255422 6.67
3.46 0.862500 4319754 7.27
3.49 0.875000 4406076 8.00
3.50 0.881250 4455035 8.42
3.50 0.887500 4455035 8.89
3.52 0.893750 4503741 9.41
3.52 0.900000 4503741 10.00
3.54 0.906250 4550770 10.67
3.55 0.912500 4594894 11.43
3.55 0.918750 4594894 12.31
3.57 0.925000 4633969 13.33
3.58 0.931250 4668214 14.55
3.60 0.937500 4699096 16.00
3.62 0.940625 4727439 16.84
3.62 0.943750 4727439 17.78
3.63 0.946875 4752524 18.82
3.63 0.950000 4752524 20.00
3.65 0.953125 4775770 21.33
3.66 0.956250 4797112 22.86
3.66 0.959375 4797112 24.62
3.68 0.962500 4815634 26.67
3.69 0.965625 4832079 29.09
3.71 0.968750 4845926 32.00
3.73 0.970313 4857630 33.68
3.74 0.971875 4867695 35.56
3.74 0.973437 4867695 37.65
3.76 0.975000 4875967 40.00
3.77 0.976562 4882859 42.67
3.81 0.978125 4893516 45.71
3.84 0.979688 4901998 49.23
3.87 0.981250 4908969 53.33
3.90 0.982812 4914981 58.18
3.95 0.984375 4923077 64.00
3.98 0.985156 4927393 67.37
4.01 0.985938 4930776 71.11
4.05 0.986719 4933799 75.29
4.13 0.987500 4939330 80.00
4.16 0.988281 4941433 85.33
4.25 0.989062 4946897 91.43
4.32 0.989844 4949432 98.46
4.42 0.990625 4953342 106.67
4.54 0.991406 4957432 116.36
4.67 0.992188 4961049 128.00
4.77 0.992578 4963157 134.74
4.86 0.992969 4965082 142.22
4.99 0.993359 4967118 150.59
5.12 0.993750 4968867 160.00
5.28 0.994141 4970896 170.67
5.47 0.994531 4972676 182.86
5.73 0.994922 4974691 196.92
6.05 0.995313 4976683 213.33
6.46 0.995703 4978548 232.73
7.13 0.996094 4980543 256.00
7.52 0.996289 4981446 269.47
7.97 0.996484 4982423 284.44
8.51 0.996680 4983524 301.18
8.89 0.996875 4984443 320.00
9.34 0.997070 4985402 341.33
9.86 0.997266 4986336 365.71
10.43 0.997461 4987336 393.85
10.94 0.997656 4988307 426.67
11.52 0.997852 4989360 465.45
12.10 0.998047 4990329 512.00
12.35 0.998145 4990726 538.95
12.67 0.998242 4991215 568.89
12.99 0.998340 4991715 602.35
13.31 0.998437 4992209 640.00
13.70 0.998535 4992763 682.67
14.02 0.998633 4993202 731.43
14.40 0.998730 4993695 787.69
14.78 0.998828 4994170 853.33
15.23 0.998926 4994685 930.91
15.74 0.999023 4995158 1024.00
16.00 0.999072 4995378 1077.89
16.32 0.999121 4995619 1137.78
16.64 0.999170 4995860 1204.71
17.02 0.999219 4996160 1280.00
17.28 0.999268 4996342 1365.33
17.66 0.999316 4996614 1462.86
18.05 0.999365 4996883 1575.38
18.43 0.999414 4997129 1706.67
18.82 0.999463 4997356 1861.82
19.20 0.999512 4997572 2048.00
19.45 0.999536 4997698 2155.79
19.71 0.999561 4997814 2275.56
19.97 0.999585 4997945 2409.41
20.22 0.999609 4998063 2560.00
20.48 0.999634 4998172 2730.67
20.86 0.999658 4998348 2925.71
21.12 0.999683 4998473 3150.77
21.38 0.999707 4998582 3413.33
21.63 0.999731 4998682 3723.64
21.89 0.999756 4998810 4096.00
22.02 0.999768 4998855 4311.58
22.14 0.999780 4998906 4551.11
22.40 0.999792 4999002 4818.82
22.53 0.999805 4999045 5120.00
22.66 0.999817 4999085 5461.33
22.91 0.999829 4999173 5851.43
23.04 0.999841 4999220 6301.54
23.30 0.999854 4999301 6826.67
23.42 0.999866 4999329 7447.27
23.81 0.999878 4999409 8192.00
23.93 0.999884 4999437 8623.16
24.06 0.999890 4999460 9102.22
24.19 0.999896 4999482 9637.65
24.45 0.999902 4999526 10240.00
24.57 0.999908 4999552 10922.67
24.70 0.999915 4999574 11702.86
24.96 0.999921 4999605 12603.08
25.21 0.999927 4999641 13653.33
25.47 0.999933 4999676 14894.55
25.73 0.999939 4999708 16384.00
25.86 0.999942 4999725 17246.32
25.98 0.999945 4999739 18204.44
26.11 0.999948 4999756 19275.29
26.11 0.999951 4999756 20480.00
26.24 0.999954 4999782 21845.33
26.37 0.999957 4999792 23405.71
26.50 0.999960 4999803 25206.15
26.75 0.999963 4999822 27306.67
27.01 0.999966 4999846 29789.09
27.14 0.999969 4999855 32768.00
27.26 0.999971 4999868 34492.63
27.26 0.999973 4999868 36408.89
27.39 0.999974 4999879 38550.59
27.39 0.999976 4999879 40960.00
27.52 0.999977 4999887 43690.67
27.65 0.999979 4999894 46811.43
27.77 0.999980 4999905 50412.31
27.90 0.999982 4999909 54613.33
28.16 0.999983 4999921 59578.18
28.29 0.999985 4999926 65536.00
28.41 0.999986 4999931 68985.26
28.54 0.999986 4999935 72817.78
28.67 0.999987 4999937 77101.18
28.80 0.999988 4999941 81920.00
29.05 0.999989 4999944 87381.33
29.44 0.999989 4999947 93622.86
29.95 0.999990 4999951 100824.62
30.46 0.999991 4999955 109226.67
30.98 0.999992 4999959 119156.36
31.36 0.999992 4999963 131072.00
31.61 0.999993 4999964 137970.53
31.74 0.999993 4999966 145635.56
32.00 0.999994 4999968 154202.35
32.13 0.999994 4999972 163840.00
32.13 0.999994 4999972 174762.67
32.38 0.999995 4999974 187245.71
32.51 0.999995 4999976 201649.23
32.77 0.999995 4999978 218453.33
33.02 0.999996 4999981 238312.73
33.02 0.999996 4999981 262144.00
33.28 0.999996 4999986 275941.05
33.28 0.999997 4999986 291271.11
33.28 0.999997 4999986 308404.71
33.28 0.999997 4999986 327680.00
33.28 0.999997 4999986 349525.33
33.53 0.999997 4999987 374491.43
34.05 0.999998 4999990 403298.46
34.05 0.999998 4999990 436906.67
34.05 0.999998 4999990 476625.45
34.81 0.999998 4999991 524288.00
34.81 0.999998 4999991 551882.11
35.07 0.999998 4999992 582542.22
35.07 0.999998 4999992 616809.41
35.58 0.999998 4999994 655360.00
35.58 0.999999 4999994 699050.67
35.58 0.999999 4999994 748982.86
35.58 0.999999 4999994 806596.92
36.09 0.999999 4999995 873813.33
36.09 0.999999 4999995 953250.91
36.61 0.999999 4999996 1048576.00
36.61 0.999999 4999996 1103764.21
36.61 0.999999 4999996 1165084.44
36.61 0.999999 4999996 1233618.82
36.86 0.999999 4999997 1310720.00
36.86 0.999999 4999997 1398101.33
36.86 0.999999 4999997 1497965.71
36.86 0.999999 4999997 1613193.85
37.38 0.999999 4999998 1747626.67
37.38 0.999999 4999998 1906501.82
37.38 1.000000 4999998 2097152.00
37.38 1.000000 4999998 2207528.42
37.38 1.000000 4999998 2330168.89
37.38 1.000000 4999998 2467237.65
38.14 1.000000 4999999 2621440.00
38.14 1.000000 4999999 2796202.67
38.14 1.000000 4999999 2995931.43
38.14 1.000000 4999999 3226387.69
38.14 1.000000 4999999 3495253.33
38.14 1.000000 4999999 3813003.64
38.14 1.000000 4999999 4194304.00
38.14 1.000000 4999999 4415056.84
38.14 1.000000 4999999 4660337.78
38.14 1.000000 4999999 4934475.29
38.66 1.000000 5000000 5242880.00
38.66 1.000000 5000000 inf
