       Value   Percentile   TotalCount 1/(1-Percentile)

        0.06     0.000000           21         1.00
        2.65     0.050000       330030         1.05
        2.69     0.100000       543652         1.11
        2.72     0.150000       893704         1.18
        2.73     0.200000      1044476         1.25
        2.75     0.250000      1276741         1.33
        2.77     0.300000      1554577         1.43
        2.78     0.350000      1816245         1.54
        2.80     0.400000      2032032         1.67
        2.83     0.450000      2297770         1.82
        2.91     0.500000      2522720         2.00
        3.33     0.525000      2631338         2.11
        3.36     0.550000      2941509         2.22
        3.36     0.575000      2941509         2.35
        3.38     0.600000      3210866         2.50
        3.38     0.625000      3210866         2.67
        3.39     0.650000      3548552         2.86
        3.39     0.675000      3548552         3.08
        3.39     0.700000      3548552         3.33
        3.41     0.725000      3864634         3.64
        3.41     0.750000      3864634         4.00
        3.41     0.762500      3864634         4.21
        3.42     0.775000      4118323         4.44
        3.42     0.787500      4118323         4.71
        3.42     0.800000      4118323         5.00
        3.42     0.812500      4118323         5.33
        3.44     0.825000      4288497         5.71
        3.44     0.837500      4288497         6.15
        3.44     0.850000      4288497         6.67
        3.46     0.862500      4416414         7.27
        3.46     0.875000      4416414         8.00
        3.46     0.881250      4416414         8.42
        3.47     0.887500      4519518         8.89
        3.47     0.893750      4519518         9.41
        3.47     0.900000      4519518        10.00
        3.49     0.906250      4595179        10.67
        3.49     0.912500      4595179        11.43
        3.49     0.918750      4595179        12.31
        3.50     0.925000      4638072        13.33
        3.52     0.931250      4661683        14.55
        3.58     0.937500      4692058        16.00
        3.65     0.940625      4705286        16.84
        3.68     0.943750      4745194        17.78
        3.68     0.946875      4745194        18.82
        3.69     0.950000      4773583        20.00
        3.69     0.953125      4773583        21.33
        3.71     0.956250      4794505        22.86
        3.73     0.959375      4811037        24.62
        3.74     0.962500      4830163        26.67
        3.74     0.965625      4830163        29.09
        3.76     0.968750      4844103        32.00
        3.77     0.970313      4855123        33.68
        3.79     0.971875      4866235        35.56
        3.81     0.973437      4879761        37.65
        3.81     0.975000      4879761        40.00
        3.82     0.976562      4889871        42.67
        3.84     0.978125      4899982        45.71
        3.84     0.979688      4899982        49.23
        3.85     0.981250      4911954        53.33
        3.87     0.982812      4926341        58.18
        3.87     0.984375      4926341        64.00
        3.87     0.985156      4926341        67.37
        3.89     0.985938      4938579        71.11
        3.89     0.986719      4938579        75.29
        3.89     0.987500      4938579        80.00
        3.90     0.988281      4943905        85.33
        3.92     0.989062      4946320        91.43
        4.01     0.989844      4949611        98.46
        4.22     0.990625      4953210       106.67
        4.38     0.991406      4957778       116.36
        4.70     0.992188      4962421       128.00
        4.74     0.992578      4965345       134.74
        4.74     0.992969      4965345       142.22
        4.77     0.993359      4967123       150.59
        5.05     0.993750      4968935       160.00
        5.31     0.994141      4970754       170.67
        5.98     0.994531      4972697       182.86
        6.82     0.994922      4974634       196.92
        7.71     0.995313      4976585       213.33
        8.70     0.995703      4978667       232.73
        9.60     0.996094      4980513       256.00
       10.11     0.996289      4981516       269.47
       10.62     0.996484      4982516       284.44
       11.13     0.996680      4983525       301.18
       11.58     0.996875      4984454       320.00
       11.97     0.997070      4985430       341.33
       12.29     0.997266      4986404       365.71
       12.73     0.997461      4987349       393.85
       13.31     0.997656      4988376       426.67
       13.82     0.997852      4989296       465.45
       14.40     0.998047      4990350       512.00
       14.65     0.998145      4990811       538.95
       14.91     0.998242      4991280       568.89
       15.17     0.998340      4991755       602.35
       15.42     0.998437      4992224       640.00
       15.68     0.998535      4992701       682.67
       16.00     0.998633      4993275       731.43
       16.25     0.998730      4993730       787.69
       16.51     0.998828      4994161       853.33
       16.89     0.998926      4994800       930.91
       17.15     0.999023      4995215      1024.00
       17.28     0.999072      4995409      1077.89
       17.41     0.999121      4995608      1137.78
       17.66     0.999170      4995985      1204.71
       17.79     0.999219      4996173      1280.00
       17.92     0.999268      4996342      1365.33
       18.18     0.999316      4996635      1462.86
       18.43     0.999365      4996881      1575.38
       18.69     0.999414      4997092      1706.67
       19.07     0.999463      4997316      1861.82
       19.84     0.999512      4997588      2048.00
       20.22     0.999536      4997681      2155.79
       20.86     0.999561      4997832      2275.56
       21.38     0.999585      4997931      2409.41
       22.02     0.999609      4998060      2560.00
       22.66     0.999634      4998175      2730.67
       23.42     0.999658      4998301      2925.71
       24.19     0.999683      4998429      3150.77
       24.96     0.999707      4998547      3413.33
       25.73     0.999731      4998669      3723.64
       26.50     0.999756      4998781      4096.00
       27.01     0.999768      4998864      4311.58
       27.39     0.999780      4998913      4551.11
       27.77     0.999792      4998971      4818.82
       28.16     0.999805      4999026      5120.00
       28.67     0.999817      4999104      5461.33
       29.05     0.999829      4999166      5851.43
       29.44     0.999841      4999218      6301.54
       29.82     0.999854      4999284      6826.67
       30.21     0.999866      4999333      7447.27
       30.59     0.999878      4999400      8192.00
       30.85     0.999884      4999434      8623.16
       31.10     0.999890      4999478      9102.22
       31.23     0.999896      4999497      9637.65
       31.36     0.999902      4999520     10240.00
       31.61     0.999908      4999551     10922.67
       31.74     0.999915      4999574     11702.86
       32.00     0.999921      4999617     12603.08
       32.13     0.999927      4999637     13653.33
       32.38     0.999933      4999667     14894.55
       32.64     0.999939      4999714     16384.00
       32.64     0.999942      4999714     17246.32
       32.77     0.999945      4999733     18204.44
       33.02     0.999948      4999763     19275.29
       33.02     0.999951      4999763     20480.00
       33.28     0.999954      4999806     21845.33
       33.28     0.999957      4999806     23405.71
       33.28     0.999960      4999806     25206.15
       33.53     0.999963      4999831     27306.67
       33.79     0.999966      4999852     29789.09
       33.79     0.999969      4999852     32768.00
       34.05     0.999971      4999882     34492.63
       34.05     0.999973      4999882     36408.89
       34.05     0.999974      4999882     38550.59
       34.05     0.999976      4999882     40960.00
       34.30     0.999977      4999904     43690.67
       34.30     0.999979      4999904     46811.43
       34.30     0.999980      4999904     50412.31
       34.56     0.999982      4999922     54613.33
       34.56     0.999983      4999922     59578.18
       34.81     0.999985      4999933     65536.00
       34.81     0.999986      4999933     68985.26
       34.81     0.999986      4999933     72817.78
       35.07     0.999987      4999945     77101.18
       35.07     0.999988      4999945     81920.00
       35.07     0.999989      4999945     87381.33
       35.33     0.999989      4999953     93622.86
       35.33     0.999990      4999953    100824.62
       35.58     0.999991      4999961    109226.67
       35.58     0.999992      4999961    119156.36
       35.84     0.999992      4999969    131072.00
       35.84     0.999993      4999969    137970.53
       35.84     0.999993      4999969    145635.56
       35.84     0.999994      4999969    154202.35
       36.09     0.999994      4999976    163840.00
       36.09     0.999994      4999976    174762.67
       36.09     0.999995      4999976    187245.71
       36.09     0.999995      4999976    201649.23
       36.35     0.999995      4999984    218453.33
       36.35     0.999996      4999984    238312.73
       36.35     0.999996      4999984    262144.00
       36.35     0.999996      4999984    275941.05
       36.35     0.999997      4999984    291271.11
       36.35     0.999997      4999984    308404.71
       36.61     0.999997      4999985    327680.00
       36.86     0.999997      4999989    349525.33
       36.86     0.999997      4999989    374491.43
       36.86     0.999998      4999989    403298.46
       36.86     0.999998      4999989    436906.67
       37.12     0.999998      4999991    476625.45
       37.12     0.999998      4999991    524288.00
       37.12     0.999998      4999991    551882.11
       37.38     0.999998      4999992    582542.22
       37.38     0.999998      4999992    616809.41
       37.63     0.999998      4999993    655360.00
       37.63     0.999999      4999993    699050.67
      208.90     0.999999      4999996    748982.86
      208.90     0.999999      4999996    806596.92
      208.90     0.999999      4999996    873813.33
      208.90     0.999999      4999996    953250.91
      208.90     0.999999      4999996   1048576.00
      208.90     0.999999      4999996   1103764.21
      208.90     0.999999      4999996   1165084.44
      208.90     0.999999      4999996   1233618.82
      209.92     0.999999      5000000   1310720.00
      209.92     1.000000      5000000          inf
#[Mean    =        3.127, StdDeviation   =        0.984]
#[Max     =      209.919, Total count    =      5000000]
#[Buckets =           10, SubBuckets     =          256]
