       Value   Percentile   TotalCount 1/(1-Percentile)

        0.06     0.000000            7         1.00
        2.88     0.050000       228016         1.05
        2.91     0.100000       560859         1.11
        2.93     0.150000       884421         1.18
        2.94     0.200000      1249679         1.25
        2.94     0.250000      1249679         1.33
        2.96     0.300000      1589093         1.43
        2.98     0.350000      1829440         1.54
        2.98     0.400000      1829440         1.67
        3.01     0.450000      2101470         1.82
        3.06     0.500000      2291520         2.00
        3.25     0.525000      2402541         2.11
        3.29     0.550000      2633153         2.22
        3.29     0.575000      2633153         2.35
        3.31     0.600000      2848843         2.50
        3.31     0.625000      2848843         2.67
        3.33     0.650000      3109750         2.86
        3.33     0.675000      3109750         3.08
        3.34     0.700000      3429355         3.33
        3.34     0.725000      3429355         3.64
        3.34     0.750000      3429355         4.00
        3.36     0.762500      3790813         4.21
        3.36     0.775000      3790813         4.44
        3.36     0.787500      3790813         4.71
        3.36     0.800000      3790813         5.00
        3.36     0.812500      3790813         5.33
        3.36     0.825000      3790813         5.71
        3.38     0.837500      4130820         6.15
        3.38     0.850000      4130820         6.67
        3.38     0.862500      4130820         7.27
        3.38     0.875000      4130820         8.00
        3.38     0.881250      4130820         8.42
        3.38     0.887500      4130820         8.89
        3.38     0.893750      4130820         9.41
        3.38     0.900000      4130820        10.00
        3.38     0.906250      4130820        10.67
        3.39     0.912500      4334836        11.43
        3.39     0.918750      4334836        12.31
        3.39     0.925000      4334836        13.33
        3.39     0.931250      4334836        14.55
        3.39     0.937500      4334836        16.00
        3.39     0.940625      4334836        16.84
        3.39     0.943750      4334836        17.78
        3.39     0.946875      4334836        18.82
        3.39     0.950000      4334836        20.00
        3.39     0.953125      4334836        21.33
        3.41     0.956250      4412774        22.86
        3.41     0.959375      4412774        24.62
        3.41     0.962500      4412774        26.67
        3.41     0.965625      4412774        29.09
        3.41     0.968750      4412774        32.00
        3.41     0.970313      4412774        33.68
        3.42     0.971875      4445306        35.56
        3.42     0.973437      4445306        37.65
        3.42     0.975000      4445306        40.00
        3.42     0.976562      4445306        42.67
        3.44     0.978125      4461682        45.71
        3.44     0.979688      4461682        49.23
        3.44     0.981250      4461682        53.33
        3.46     0.982812      4471968        58.18
        3.47     0.984375      4478650        64.00
        3.47     0.985156      4478650        67.37
        3.49     0.985938      4483021        71.11
        3.50     0.986719      4486142        75.29
        3.52     0.987500      4488508        80.00
        3.55     0.988281      4492137        85.33
        3.60     0.989062      4495378        91.43
        3.68     0.989844      4499223        98.46
        3.77     0.990625      4502722       106.67
        3.87     0.991406      4506353       116.36
        4.08     0.992188      4509709       128.00
        4.22     0.992578      4511505       134.74
        4.45     0.992969      4513270       142.22
        4.64     0.993359      4514891       150.59
        4.96     0.993750      4516633       160.00
        5.41     0.994141      4518421       170.67
        6.24     0.994531      4520156       182.86
        7.20     0.994922      4521929       196.92
        8.26     0.995313      4523761       213.33
        9.09     0.995703      4525481       232.73
       10.18     0.996094      4527351       256.00
       10.62     0.996289      4528150       269.47
       11.07     0.996484      4529056       284.44
       11.58     0.996680      4530010       301.18
       12.03     0.996875      4530844       320.00
       12.41     0.997070      4531696       341.33
       12.73     0.997266      4532581       365.71
       13.25     0.997461      4533466       393.85
       13.82     0.997656      4534380       426.67
       14.40     0.997852      4535328       465.45
       14.91     0.998047      4536208       512.00
       15.17     0.998145      4536635       538.95
       15.42     0.998242      4537089       568.89
       15.68     0.998340      4537513       602.35
       15.94     0.998437      4537923       640.00
       16.19     0.998535      4538352       682.67
       16.51     0.998633      4538823       731.43
       16.89     0.998730      4539385       787.69
       17.15     0.998828      4539747       853.33
       17.54     0.998926      4540278       930.91
       17.79     0.999023      4540621      1024.00
       18.05     0.999072      4540937      1077.89
       18.18     0.999121      4541073      1137.78
       18.43     0.999170      4541317      1204.71
       18.69     0.999219      4541507      1280.00
       19.07     0.999268      4541678      1365.33
       19.71     0.999316      4541901      1462.86
       20.61     0.999365      4542115      1575.38
       21.63     0.999414      4542338      1706.67
       22.66     0.999463      4542565      1861.82
       23.68     0.999512      4542805      2048.00
       24.06     0.999536      4542901      2155.79
       24.57     0.999561      4543018      2275.56
       25.09     0.999585      4543142      2409.41
       25.47     0.999609      4543238      2560.00
       25.98     0.999634      4543348      2730.67
       26.50     0.999658      4543466      2925.71
       27.01     0.999683      4543579      3150.77
       27.39     0.999707      4543672      3413.33
       27.90     0.999731      4543789      3723.64
       28.41     0.999756      4543923      4096.00
       28.67     0.999768      4543971      4311.58
       28.93     0.999780      4544030      4551.11
       29.05     0.999792      4544065      4818.82
       29.31     0.999805      4544115      5120.00
       29.57     0.999817      4544178      5461.33
       29.82     0.999829      4544230      5851.43
       30.08     0.999841      4544285      6301.54
       30.34     0.999854      4544347      6826.67
       30.59     0.999866      4544400      7447.27
       30.85     0.999878      4544448      8192.00
       30.98     0.999884      4544485      8623.16
       31.10     0.999890      4544512      9102.22
       31.23     0.999896      4544540      9637.65
       31.36     0.999902      4544561     10240.00
       31.61     0.999908      4544609     10922.67
       31.74     0.999915      4544644     11702.86
       31.74     0.999921      4544644     12603.08
       31.87     0.999927      4544668     13653.33
       32.13     0.999933      4544701     14894.55
       32.26     0.999939      4544729     16384.00
       32.38     0.999942      4544757     17246.32
       32.38     0.999945      4544757     18204.44
       32.51     0.999948      4544772     19275.29
       32.64     0.999951      4544789     20480.00
       32.77     0.999954      4544806     21845.33
       32.77     0.999957      4544806     23405.71
       33.02     0.999960      4544835     25206.15
       33.02     0.999963      4544835     27306.67
       33.28     0.999966      4544869     29789.09
       33.28     0.999969      4544869     32768.00
       33.28     0.999971      4544869     34492.63
       33.53     0.999973      4544893     36408.89
       33.53     0.999974      4544893     38550.59
       33.53     0.999976      4544893     40960.00
       33.79     0.999977      4544915     43690.67
       33.79     0.999979      4544915     46811.43
       33.79     0.999980      4544915     50412.31
       34.05     0.999982      4544937     54613.33
       34.05     0.999983      4544937     59578.18
       34.05     0.999985      4544937     65536.00
       34.05     0.999986      4544937     68985.26
       34.30     0.999986      4544947     72817.78
       34.30     0.999987      4544947     77101.18
       34.30     0.999988      4544947     81920.00
       34.56     0.999989      4544961     87381.33
       34.56     0.999989      4544961     93622.86
       34.56     0.999990      4544961    100824.62
       34.56     0.999991      4544961    109226.67
       34.81     0.999992      4544963    119156.36
       35.07     0.999992      4544967    131072.00
       35.33     0.999993      4544975    137970.53
       35.33     0.999993      4544975    145635.56
       35.33     0.999994      4544975    154202.35
       35.33     0.999994      4544975    163840.00
       35.33     0.999994      4544975    174762.67
       35.58     0.999995      4544979    187245.71
       35.58     0.999995      4544979    201649.23
       35.84     0.999995      4544987    218453.33
       35.84     0.999996      4544987    238312.73
       35.84     0.999996      4544987    262144.00
       35.84     0.999996      4544987    275941.05
       35.84     0.999997      4544987    291271.11
       35.84     0.999997      4544987    308404.71
       35.84     0.999997      4544987    327680.00
       35.84     0.999997      4544987    349525.33
       36.09     0.999997      4544990    374491.43
       36.09     0.999998      4544990    403298.46
       36.09     0.999998      4544990    436906.67
       36.35     0.999998      4544991    476625.45
       36.61     0.999998      4544993    524288.00
       36.61     0.999998      4544993    551882.11
       36.61     0.999998      4544993    582542.22
       36.61     0.999998      4544993    616809.41
      205.82     0.999998      4544996    655360.00
      205.82     0.999999      4544996    699050.67
      205.82     0.999999      4544996    748982.86
      205.82     0.999999      4544996    806596.92
      205.82     0.999999      4544996    873813.33
      205.82     0.999999      4544996    953250.91
      205.82     0.999999      4544996   1048576.00
      205.82     0.999999      4544996   1103764.21
      206.85     0.999999      4544997   1165084.44
      206.85     0.999999      4544997   1233618.82
      206.85     0.999999      4544997   1310720.00
      206.85     0.999999      4544997   1398101.33
      206.85     0.999999      4544997   1497965.71
      207.87     0.999999      4544999   1613193.85
      207.87     0.999999      4544999   1747626.67
      207.87     0.999999      4544999   1906501.82
      207.87     1.000000      4544999   2097152.00
      207.87     1.000000      4544999   2207528.42
      207.87     1.000000      4544999   2330168.89
      207.87     1.000000      4544999   2467237.65
      207.87     1.000000      4544999   2621440.00
      207.87     1.000000      4544999   2796202.67
      207.87     1.000000      4544999   2995931.43
      207.87     1.000000      4544999   3226387.69
      207.87     1.000000      4544999   3495253.33
      207.87     1.000000      4544999   3813003.64
      207.87     1.000000      4544999   4194304.00
      207.87     1.000000      4544999   4415056.84
      208.90     1.000000      4545000   4660337.78
      208.90     1.000000      4545000          inf
#[Mean    =        3.185, StdDeviation   =        0.984]
#[Max     =      208.895, Total count    =      4545000]
#[Buckets =           10, SubBuckets     =          256]
