       Value   Percentile   TotalCount 1/(1-Percentile)

        0.05     0.000000            1         1.00
        2.88     0.050000       250171         1.05
        2.91     0.100000       615257         1.11
        2.93     0.150000       971331         1.18
        2.94     0.200000      1373435         1.25
        2.94     0.250000      1373435         1.33
        2.96     0.300000      1746706         1.43
        2.98     0.350000      2011009         1.54
        2.98     0.400000      2011009         1.67
        3.01     0.450000      2310607         1.82
        3.06     0.500000      2520556         2.00
        3.25     0.525000      2643148         2.11
        3.29     0.550000      2896356         2.22
        3.29     0.575000      2896356         2.35
        3.31     0.600000      3133205         2.50
        3.31     0.625000      3133205         2.67
        3.33     0.650000      3419887         2.86
        3.33     0.675000      3419887         3.08
        3.34     0.700000      3771664         3.33
        3.34     0.725000      3771664         3.64
        3.34     0.750000      3771664         4.00
        3.36     0.762500      4169078         4.21
        3.36     0.775000      4169078         4.44
        3.36     0.787500      4169078         4.71
        3.36     0.800000      4169078         5.00
        3.36     0.812500      4169078         5.33
        3.36     0.825000      4169078         5.71
        3.38     0.837500      4543204         6.15
        3.38     0.850000      4543204         6.67
        3.38     0.862500      4543204         7.27
        3.38     0.875000      4543204         8.00
        3.38     0.881250      4543204         8.42
        3.38     0.887500      4543204         8.89
        3.38     0.893750      4543204         9.41
        3.38     0.900000      4543204        10.00
        3.38     0.906250      4543204        10.67
        3.39     0.912500      4767819        11.43
        3.39     0.918750      4767819        12.31
        3.39     0.925000      4767819        13.33
        3.39     0.931250      4767819        14.55
        3.39     0.937500      4767819        16.00
        3.39     0.940625      4767819        16.84
        3.39     0.943750      4767819        17.78
        3.39     0.946875      4767819        18.82
        3.39     0.950000      4767819        20.00
        3.39     0.953125      4767819        21.33
        3.41     0.956250      4853858        22.86
        3.41     0.959375      4853858        24.62
        3.41     0.962500      4853858        26.67
        3.41     0.965625      4853858        29.09
        3.41     0.968750      4853858        32.00
        3.41     0.970313      4853858        33.68
        3.42     0.971875      4889893        35.56
        3.42     0.973437      4889893        37.65
        3.42     0.975000      4889893        40.00
        3.42     0.976562      4889893        42.67
        3.44     0.978125      4908040        45.71
        3.44     0.979688      4908040        49.23
        3.44     0.981250      4908040        53.33
        3.46     0.982812      4919455        58.18
        3.47     0.984375      4926847        64.00
        3.47     0.985156      4926847        67.37
        3.49     0.985938      4931717        71.11
        3.50     0.986719      4935213        75.29
        3.52     0.987500      4937832        80.00
        3.55     0.988281      4941797        85.33
        3.60     0.989062      4945363        91.43
        3.68     0.989844      4949596        98.46
        3.77     0.990625      4953452       106.67
        3.87     0.991406      4957406       116.36
        4.08     0.992188      4961048       128.00
        4.22     0.992578      4962979       134.74
        4.45     0.992969      4964911       142.22
        4.64     0.993359      4966833       150.59
        4.96     0.993750      4968864       160.00
        5.38     0.994141      4970729       170.67
        6.21     0.994531      4972682       182.86
        7.13     0.994922      4974626       196.92
        8.16     0.995313      4976581       213.33
        9.02     0.995703      4978549       232.73
       10.05     0.996094      4980524       256.00
       10.56     0.996289      4981512       269.47
       11.01     0.996484      4982488       284.44
       11.46     0.996680      4983411       301.18
       11.97     0.996875      4984456       320.00
       12.41     0.997070      4985507       341.33
       12.73     0.997266      4986436       365.71
       13.25     0.997461      4987400       393.85
       13.76     0.997656      4988295       426.67
       14.34     0.997852      4989331       465.45
       14.85     0.998047      4990270       512.00
       15.10     0.998145      4990738       538.95
       15.36     0.998242      4991214       568.89
       15.68     0.998340      4991813       602.35
       15.94     0.998437      4992271       640.00
       16.19     0.998535      4992742       682.67
       16.51     0.998633      4993269       731.43
       16.77     0.998730      4993680       787.69
       17.15     0.998828      4994288       853.33
       17.41     0.998926      4994676       930.91
       17.79     0.999023      4995239      1024.00
       17.92     0.999072      4995420      1077.89
       18.18     0.999121      4995731      1137.78
       18.30     0.999170      4995887      1204.71
       18.56     0.999219      4996125      1280.00
       18.94     0.999268      4996352      1365.33
       19.58     0.999316      4996610      1462.86
       20.48     0.999365      4996857      1575.38
       21.38     0.999414      4997072      1706.67
       22.53     0.999463      4997333      1861.82
       23.42     0.999512      4997570      2048.00
       23.93     0.999536      4997692      2155.79
       24.45     0.999561      4997826      2275.56
       24.96     0.999585      4997958      2409.41
       25.34     0.999609      4998053      2560.00
       25.86     0.999634      4998183      2730.67
       26.37     0.999658      4998309      2925.71
       26.88     0.999683      4998439      3150.77
       27.39     0.999707      4998571      3413.33
       27.77     0.999731      4998669      3723.64
       28.29     0.999756      4998792      4096.00
       28.54     0.999768      4998859      4311.58
       28.80     0.999780      4998923      4551.11
       29.05     0.999792      4998995      4818.82
       29.18     0.999805      4999024      5120.00
       29.57     0.999817      4999114      5461.33
       29.82     0.999829      4999173      5851.43
       30.08     0.999841      4999232      6301.54
       30.21     0.999854      4999269      6826.67
       30.46     0.999866      4999332      7447.27
       30.85     0.999878      4999405      8192.00
       30.98     0.999884      4999443      8623.16
       31.10     0.999890      4999473      9102.22
       31.23     0.999896      4999503      9637.65
       31.36     0.999902      4999525     10240.00
       31.49     0.999908      4999543     10922.67
       31.61     0.999915      4999576     11702.86
       31.74     0.999921      4999614     12603.08
       31.87     0.999927      4999638     13653.33
       32.13     0.999933      4999674     14894.55
       32.26     0.999939      4999702     16384.00
       32.38     0.999942      4999733     17246.32
       32.38     0.999945      4999733     18204.44
       32.51     0.999948      4999751     19275.29
       32.64     0.999951      4999772     20480.00
       32.64     0.999954      4999772     21845.33
       32.77     0.999957      4999790     23405.71
       33.02     0.999960      4999821     25206.15
       33.02     0.999963      4999821     27306.67
       33.28     0.999966      4999858     29789.09
       33.28     0.999969      4999858     32768.00
       33.28     0.999971      4999858     34492.63
       33.53     0.999973      4999885     36408.89
       33.53     0.999974      4999885     38550.59
       33.53     0.999976      4999885     40960.00
       33.79     0.999977      4999907     43690.67
       33.79     0.999979      4999907     46811.43
       33.79     0.999980      4999907     50412.31
       34.05     0.999982      4999932     54613.33
       34.05     0.999983      4999932     59578.18
       34.05     0.999985      4999932     65536.00
       34.05     0.999986      4999932     68985.26
       34.05     0.999986      4999932     72817.78
       34.30     0.999987      4999942     77101.18
       34.30     0.999988      4999942     81920.00
       34.56     0.999989      4999957     87381.33
       34.56     0.999989      4999957     93622.86
       34.56     0.999990      4999957    100824.62
       34.56     0.999991      4999957    109226.67
       34.81     0.999992      4999960    119156.36
       35.07     0.999992      4999964    131072.00
       35.07     0.999993      4999964    137970.53
       35.33     0.999993      4999973    145635.56
       35.33     0.999994      4999973    154202.35
       35.33     0.999994      4999973    163840.00
       35.33     0.999994      4999973    174762.67
       35.58     0.999995      4999978    187245.71
       35.58     0.999995      4999978    201649.23
       35.58     0.999995      4999978    218453.33
       35.84     0.999996      4999986    238312.73
       35.84     0.999996      4999986    262144.00
       35.84     0.999996      4999986    275941.05
       35.84     0.999997      4999986    291271.11
       35.84     0.999997      4999986    308404.71
       35.84     0.999997      4999986    327680.00
       35.84     0.999997      4999986    349525.33
       36.09     0.999997      4999989    374491.43
       36.09     0.999998      4999989    403298.46
       36.09     0.999998      4999989    436906.67
       36.35     0.999998      4999990    476625.45
       36.61     0.999998      4999992    524288.00
       36.61     0.999998      4999992    551882.11
       36.61     0.999998      4999992    582542.22
       36.61     0.999998      4999992    616809.41
       36.86     0.999998      4999993    655360.00
       36.86     0.999999      4999993    699050.67
      205.82     0.999999      4999996    748982.86
      205.82     0.999999      4999996    806596.92
      205.82     0.999999      4999996    873813.33
      205.82     0.999999      4999996    953250.91
      205.82     0.999999      4999996   1048576.00
      205.82     0.999999      4999996   1103764.21
      205.82     0.999999      4999996   1165084.44
      205.82     0.999999      4999996   1233618.82
      206.85     0.999999      4999997   1310720.00
      206.85     0.999999      4999997   1398101.33
      206.85     0.999999      4999997   1497965.71
      206.85     0.999999      4999997   1613193.85
      207.87     0.999999      4999999   1747626.67
      207.87     0.999999      4999999   1906501.82
      207.87     1.000000      4999999   2097152.00
      207.87     1.000000      4999999   2207528.42
      207.87     1.000000      4999999   2330168.89
      207.87     1.000000      4999999   2467237.65
      207.87     1.000000      4999999   2621440.00
      207.87     1.000000      4999999   2796202.67
      207.87     1.000000      4999999   2995931.43
      207.87     1.000000      4999999   3226387.69
      207.87     1.000000      4999999   3495253.33
      207.87     1.000000      4999999   3813003.64
      207.87     1.000000      4999999   4194304.00
      207.87     1.000000      4999999   4415056.84
      207.87     1.000000      4999999   4660337.78
      207.87     1.000000      4999999   4934475.29
      208.90     1.000000      5000000   5242880.00
      208.90     1.000000      5000000          inf
#[Mean    =        3.184, StdDeviation   =        0.977]
#[Max     =      208.895, Total count    =      5000000]
#[Buckets =           10, SubBuckets     =          256]
