       Value   Percentile   TotalCount 1/(1-Percentile)

        0.05     0.000000            1         1.00
        2.90     0.050000        33407         1.05
        2.91     0.100000        54398         1.11
        2.93     0.150000        86910         1.18
        2.94     0.200000       123756         1.25
        2.94     0.250000       123756         1.33
        2.96     0.300000       157613         1.43
        2.98     0.350000       181569         1.54
        2.99     0.400000       197485         1.67
        3.01     0.450000       209137         1.82
        3.06     0.500000       229036         2.00
        3.23     0.525000       238950         2.11
        3.29     0.550000       263203         2.22
        3.29     0.575000       263203         2.35
        3.31     0.600000       284362         2.50
        3.33     0.625000       310137         2.67
        3.33     0.650000       310137         2.86
        3.33     0.675000       310137         3.08
        3.34     0.700000       342309         3.33
        3.34     0.725000       342309         3.64
        3.34     0.750000       342309         4.00
        3.36     0.762500       378265         4.21
        3.36     0.775000       378265         4.44
        3.36     0.787500       378265         4.71
        3.36     0.800000       378265         5.00
        3.36     0.812500       378265         5.33
        3.36     0.825000       378265         5.71
        3.38     0.837500       412384         6.15
        3.38     0.850000       412384         6.67
        3.38     0.862500       412384         7.27
        3.38     0.875000       412384         8.00
        3.38     0.881250       412384         8.42
        3.38     0.887500       412384         8.89
        3.38     0.893750       412384         9.41
        3.38     0.900000       412384        10.00
        3.38     0.906250       412384        10.67
        3.39     0.912500       432983        11.43
        3.39     0.918750       432983        12.31
        3.39     0.925000       432983        13.33
        3.39     0.931250       432983        14.55
        3.39     0.937500       432983        16.00
        3.39     0.940625       432983        16.84
        3.39     0.943750       432983        17.78
        3.39     0.946875       432983        18.82
        3.39     0.950000       432983        20.00
        3.41     0.953125       441084        21.33
        3.41     0.956250       441084        22.86
        3.41     0.959375       441084        24.62
        3.41     0.962500       441084        26.67
        3.41     0.965625       441084        29.09
        3.41     0.968750       441084        32.00
        3.42     0.970313       444587        33.68
        3.42     0.971875       444587        35.56
        3.42     0.973437       444587        37.65
        3.42     0.975000       444587        40.00
        3.42     0.976562       444587        42.67
        3.44     0.978125       446358        45.71
        3.44     0.979688       446358        49.23
        3.46     0.981250       447487        53.33
        3.46     0.982812       447487        58.18
        3.47     0.984375       448197        64.00
        3.49     0.985156       448696        67.37
        3.49     0.985938       448696        71.11
        3.50     0.986719       449071        75.29
        3.52     0.987500       449324        80.00
        3.57     0.988281       449784        85.33
        3.62     0.989062       450083        91.43
        3.69     0.989844       450427        98.46
        3.79     0.990625       450781       106.67
        3.90     0.991406       451093       116.36
        4.22     0.992188       451474       128.00
        4.45     0.992578       451641       134.74
        4.64     0.992969       451942       142.22
        4.67     0.993359       452093       150.59
        4.80     0.993750       452162       160.00
        5.18     0.994141       452335       170.67
        5.92     0.994531       452517       182.86
        6.72     0.994922       452694       196.92
        7.58     0.995313       452873       213.33
        8.45     0.995703       453047       232.73
        9.34     0.996094       453225       256.00
        9.73     0.996289       453318       269.47
       10.11     0.996484       453406       284.44
       10.49     0.996680       453494       301.18
       11.07     0.996875       453586       320.00
       11.58     0.997070       453667       341.33
       12.10     0.997266       453759       365.71
       12.67     0.997461       453849       393.85
       13.25     0.997656       453934       426.67
       13.82     0.997852       454025       465.45
       14.46     0.998047       454115       512.00
       14.72     0.998145       454157       538.95
       15.17     0.998242       454206       568.89
       15.42     0.998340       454253       602.35
       15.68     0.998437       454300       640.00
       15.87     0.998535       454339       682.67
       16.13     0.998633       454380       731.43
       16.51     0.998730       454446       787.69
       16.77     0.998828       454481       853.33
       17.02     0.998926       454525       930.91
       17.28     0.999023       454559      1024.00
       17.41     0.999072       454580      1077.89
       17.66     0.999121       454610      1137.78
       17.92     0.999170       454637      1204.71
       18.05     0.999219       454646      1280.00
       18.30     0.999268       454675      1365.33
       18.43     0.999316       454693      1462.86
       18.69     0.999365       454713      1575.38
       19.07     0.999414       454734      1706.67
       19.84     0.999463       454759      1861.82
       21.12     0.999512       454781      2048.00
       21.63     0.999536       454791      2155.79
       22.27     0.999561       454804      2275.56
       23.04     0.999585       454813      2409.41
       23.55     0.999609       454824      2560.00
       24.32     0.999634       454834      2730.67
       24.96     0.999658       454847      2925.71
       25.60     0.999683       454857      3150.77
       26.11     0.999707       454869      3413.33
       26.62     0.999731       454879      3723.64
       27.14     0.999756       454892      4096.00
       27.39     0.999768       454899      4311.58
       27.65     0.999780       454901      4551.11
       28.03     0.999792       454906      4818.82
       28.41     0.999805       454913      5120.00
       28.67     0.999817       454918      5461.33
       28.93     0.999829       454923      5851.43
       29.05     0.999841       454930      6301.54
       29.57     0.999854       454936      6826.67
       29.70     0.999866       454939      7447.27
       29.95     0.999878       454946      8192.00
       30.21     0.999884       454949      8623.16
       30.34     0.999890       454951      9102.22
       30.46     0.999896       454953      9637.65
       30.59     0.999902       454957     10240.00
       31.10     0.999908       454961     10922.67
       31.23     0.999915       454963     11702.86
       31.36     0.999921       454964     12603.08
       31.61     0.999927       454967     13653.33
       31.74     0.999933       454970     14894.55
       32.13     0.999939       454973     16384.00
       32.38     0.999942       454976     17246.32
       32.38     0.999945       454976     18204.44
       32.51     0.999948       454979     19275.29
       32.51     0.999951       454979     20480.00
       32.64     0.999954       454983     21845.33
       32.64     0.999957       454983     23405.71
       32.64     0.999960       454983     25206.15
       32.77     0.999963       454984     27306.67
       33.02     0.999966       454986     29789.09
       33.28     0.999969       454989     32768.00
       33.28     0.999971       454989     34492.63
       33.28     0.999973       454989     36408.89
       33.28     0.999974       454989     38550.59
       33.28     0.999976       454989     40960.00
       33.53     0.999977       454992     43690.67
       33.53     0.999979       454992     46811.43
       33.53     0.999980       454992     50412.31
       33.53     0.999982       454992     54613.33
       34.05     0.999983       454995     59578.18
       34.05     0.999985       454995     65536.00
       34.05     0.999986       454995     68985.26
       34.05     0.999986       454995     72817.78
       34.05     0.999987       454995     77101.18
       34.05     0.999988       454995     81920.00
       34.05     0.999989       454995     87381.33
       34.56     0.999989       454996     93622.86
       34.56     0.999990       454996    100824.62
       34.56     0.999991       454996    109226.67
       34.81     0.999992       454997    119156.36
       34.81     0.999992       454997    131072.00
       34.81     0.999993       454997    137970.53
       34.81     0.999993       454997    145635.56
       35.33     0.999994       454998    154202.35
       35.33     0.999994       454998    163840.00
       35.33     0.999994       454998    174762.67
       35.33     0.999995       454998    187245.71
       35.33     0.999995       454998    201649.23
       35.33     0.999995       454998    218453.33
       35.58     0.999996       454999    238312.73
       35.58     0.999996       454999    262144.00
       35.58     0.999996       454999    275941.05
       35.58     0.999997       454999    291271.11
       35.58     0.999997       454999    308404.71
       35.58     0.999997       454999    327680.00
       35.58     0.999997       454999    349525.33
       35.58     0.999997       454999    374491.43
       35.58     0.999998       454999    403298.46
       35.58     0.999998       454999    436906.67
       36.86     0.999998       455000    476625.45
       36.86     1.000000       455000          inf
#[Mean    =        3.180, StdDeviation   =        0.903]
#[Max     =       36.863, Total count    =       455000]
#[Buckets =           10, SubBuckets     =          256]
