       Value   Percentile   TotalCount 1/(1-Percentile)

        0.06     0.000000            1         1.00
        1.46     0.050000         9940         1.05
        1.49     0.100000        19652         1.11
        1.50     0.150000        30908         1.18
        1.51     0.200000        37983         1.25
        1.52     0.250000        46104         1.33
        1.53     0.300000        55200         1.43
        1.53     0.350000        64800         1.54
        1.54     0.400000        74505         1.67
        1.55     0.450000        84556         1.82
        1.56     0.500000        93958         2.00
        1.57     0.525000       102637         2.11
        1.57     0.550000       102637         2.22
        1.57     0.575000       110183         2.35
        1.57     0.600000       110183         2.50
        1.58     0.625000       116689         2.67
        1.59     0.650000       121913         2.86
        1.60     0.675000       126214         3.08
        1.61     0.700000       129672         3.33
        1.61     0.725000       132425         3.64
        1.64     0.750000       137691         4.00
        1.65     0.762500       138790         4.21
        1.68     0.775000       141336         4.44
        1.84     0.787500       143402         4.71
        1.94     0.800000       145788         5.00
        1.99     0.812500       148177         5.33
        2.02     0.825000       150378         5.71
        2.06     0.837500       153520         6.15
        2.08     0.850000       154995         6.67
        2.11     0.862500       158174         7.27
        2.13     0.875000       159719         8.00
        2.14     0.881250       161301         8.42
        2.16     0.887500       162847         8.89
        2.16     0.893750       162847         9.41
        2.17     0.900000       164285        10.00
        2.19     0.906250       165690        10.67
        2.21     0.912500       166880        11.43
        2.22     0.918750       167921        12.31
        2.24     0.925000       168812        13.33
        2.25     0.931250       169615        14.55
        2.29     0.937500       170670        16.00
        2.32     0.940625       171307        16.84
        2.37     0.943750       171798        17.78
        2.73     0.946875       172397        18.82
        2.80     0.950000       172920        20.00
        2.85     0.953125       173746        21.33
        2.86     0.956250       174127        22.86
        2.90     0.959375       175042        24.62
        2.91     0.962500       175573        26.67
        2.93     0.965625       176152        29.09
        2.94     0.968750       176714        32.00
        2.94     0.970313       176714        33.68
        2.96     0.971875       177364        35.56
        2.96     0.973437       177364        37.65
        2.98     0.975000       177977        40.00
        2.98     0.976562       177977        42.67
        2.99     0.978125       178539        45.71
        2.99     0.979688       178539        49.23
        3.01     0.981250       179082        53.33
        3.01     0.982812       179082        58.18
        3.02     0.984375       179538        64.00
        3.02     0.985156       179538        67.37
        3.02     0.985938       179538        71.11
        3.04     0.986719       179941        75.29
        3.04     0.987500       179941        80.00
        3.04     0.988281       179941        85.33
        3.06     0.989062       180292        91.43
        3.06     0.989844       180292        98.46
        3.07     0.990625       180559       106.67
        3.07     0.991406       180559       116.36
        3.09     0.992188       180792       128.00
        3.09     0.992578       180792       134.74
        3.09     0.992969       180792       142.22
        3.09     0.993359       180792       150.59
        3.10     0.993750       180954       160.00
        3.10     0.994141       180954       170.67
        3.12     0.994531       181067       182.86
        3.13     0.994922       181153       196.92
        3.13     0.995313       181153       213.33
        3.15     0.995703       181218       232.73
        3.18     0.996094       181296       256.00
        3.21     0.996289       181329       269.47
        3.29     0.996484       181362       284.44
        3.57     0.996680       181398       301.18
        3.81     0.996875       181435       320.00
        3.94     0.997070       181469       341.33
        4.16     0.997266       181505       365.71
        4.45     0.997461       181540       393.85
        4.67     0.997656       181575       426.67
        5.02     0.997852       181611       465.45
        5.31     0.998047       181648       512.00
        5.44     0.998145       181666       538.95
        5.54     0.998242       181683       568.89
        5.66     0.998340       181699       602.35
        5.89     0.998437       181716       640.00
        6.11     0.998535       181734       682.67
        6.30     0.998633       181756       731.43
        6.59     0.998730       181770       787.69
        7.23     0.998828       181787       853.33
       15.42     0.998926       181805       930.91
       16.13     0.999023       181826      1024.00
       16.38     0.999072       181836      1077.89
       16.51     0.999121       181847      1137.78
       16.64     0.999170       181855      1204.71
       16.77     0.999219       181862      1280.00
       16.89     0.999268       181870      1365.33
       17.02     0.999316       181881      1462.86
       17.15     0.999365       181893      1575.38
       17.28     0.999414       181898      1706.67
       17.41     0.999463       181906      1861.82
       17.54     0.999512       181914      2048.00
       17.66     0.999536       181921      2155.79
       17.66     0.999561       181921      2275.56
       17.79     0.999585       181932      2409.41
       17.79     0.999609       181932      2560.00
       17.92     0.999634       181942      2730.67
       17.92     0.999658       181942      2925.71
       18.05     0.999683       181953      3150.77
       18.05     0.999707       181953      3413.33
       18.05     0.999731       181953      3723.64
       18.18     0.999756       181961      4096.00
       18.18     0.999768       181961      4311.58
       18.18     0.999780       181961      4551.11
       18.30     0.999792       181967      4818.82
       18.30     0.999805       181967      5120.00
       18.30     0.999817       181967      5461.33
       18.43     0.999829       181971      5851.43
       18.56     0.999841       181977      6301.54
       18.56     0.999854       181977      6826.67
       18.56     0.999866       181977      7447.27
       18.69     0.999878       181982      8192.00
       18.69     0.999884       181982      8623.16
       18.69     0.999890       181982      9102.22
       18.69     0.999896       181982      9637.65
       18.82     0.999902       181988     10240.00
       18.82     0.999908       181988     10922.67
       18.82     0.999915       181988     11702.86
       18.82     0.999921       181988     12603.08
       18.82     0.999927       181988     13653.33
       18.82     0.999933       181988     14894.55
       18.94     0.999939       181994     16384.00
       18.94     0.999942       181994     17246.32
       18.94     0.999945       181994     18204.44
       18.94     0.999948       181994     19275.29
       18.94     0.999951       181994     20480.00
       18.94     0.999954       181994     21845.33
       18.94     0.999957       181994     23405.71
       18.94     0.999960       181994     25206.15
       18.94     0.999963       181994     27306.67
       18.94     0.999966       181994     29789.09
       19.07     0.999969       181997     32768.00
       19.07     0.999971       181997     34492.63
       19.07     0.999973       181997     36408.89
       19.07     0.999974       181997     38550.59
       19.07     0.999976       181997     40960.00
       19.07     0.999977       181997     43690.67
       19.07     0.999979       181997     46811.43
       19.07     0.999980       181997     50412.31
       19.07     0.999982       181997     54613.33
       19.07     0.999983       181997     59578.18
       19.20     0.999985       181999     65536.00
       19.20     0.999986       181999     68985.26
       19.20     0.999986       181999     72817.78
       19.20     0.999987       181999     77101.18
       19.20     0.999988       181999     81920.00
       19.20     0.999989       181999     87381.33
       19.20     0.999989       181999     93622.86
       19.20     0.999990       181999    100824.62
       19.20     0.999991       181999    109226.67
       19.20     0.999992       181999    119156.36
       19.20     0.999992       181999    131072.00
       19.20     0.999993       181999    137970.53
       19.20     0.999993       181999    145635.56
       19.20     0.999994       181999    154202.35
       19.20     0.999994       181999    163840.00
       19.20     0.999994       181999    174762.67
       19.33     0.999995       182000    187245.71
       19.33     1.000000       182000          inf
#[Mean    =        1.722, StdDeviation   =        0.656]
#[Max     =       19.327, Total count    =       182000]
#[Buckets =           10, SubBuckets     =          256]
