       Value   Percentile   TotalCount 1/(1-Percentile)

        0.06     0.000000            2         1.00
        1.46     0.050000       100476         1.05
        1.49     0.100000       200642         1.11
        1.50     0.150000       314142         1.18
        1.51     0.200000       387076         1.25
        1.52     0.250000       469439         1.33
        1.53     0.300000       559869         1.43
        1.53     0.350000       656554         1.54
        1.54     0.400000       755385         1.67
        1.55     0.450000       853375         1.82
        1.56     0.500000       946634         2.00
        1.57     0.525000      1031913         2.11
        1.57     0.550000      1031913         2.22
        1.57     0.575000      1105623         2.35
        1.57     0.600000      1105623         2.50
        1.58     0.625000      1168272         2.67
        1.59     0.650000      1220316         2.86
        1.60     0.675000      1262719         3.08
        1.61     0.700000      1296817         3.33
        1.61     0.725000      1323678         3.64
        1.64     0.750000      1376548         4.00
        1.65     0.762500      1387988         4.21
        1.67     0.775000      1409779         4.44
        1.82     0.787500      1432245         4.71
        1.94     0.800000      1454693         5.00
        1.99     0.812500      1481478         5.33
        2.02     0.825000      1502666         5.71
        2.06     0.837500      1534759         6.15
        2.08     0.850000      1549163         6.67
        2.11     0.862500      1580017         7.27
        2.13     0.875000      1595914         8.00
        2.14     0.881250      1611937         8.42
        2.16     0.887500      1627463         8.89
        2.16     0.893750      1627463         9.41
        2.17     0.900000      1642558        10.00
        2.19     0.906250      1656234        10.67
        2.21     0.912500      1668477        11.43
        2.22     0.918750      1679020        12.31
        2.24     0.925000      1688027        13.33
        2.25     0.931250      1695384        14.55
        2.29     0.937500      1706205        16.00
        2.32     0.940625      1712642        16.84
        2.35     0.943750      1716358        17.78
        2.61     0.946875      1721470        18.82
        2.78     0.950000      1728112        20.00
        2.83     0.953125      1734899        21.33
        2.86     0.956250      1742061        22.86
        2.88     0.959375      1746573        24.62
        2.90     0.962500      1751530        26.67
        2.91     0.965625      1757070        29.09
        2.93     0.968750      1762977        32.00
        2.94     0.970313      1768993        33.68
        2.94     0.971875      1768993        35.56
        2.96     0.973437      1774903        37.65
        2.96     0.975000      1774903        40.00
        2.98     0.976562      1780785        42.67
        2.98     0.978125      1780785        45.71
        2.99     0.979688      1786326        49.23
        2.99     0.981250      1786326        53.33
        3.01     0.982812      1791487        58.18
        3.01     0.984375      1791487        64.00
        3.01     0.985156      1791487        67.37
        3.02     0.985938      1796161        71.11
        3.02     0.986719      1796161        75.29
        3.02     0.987500      1796161        80.00
        3.04     0.988281      1800111        85.33
        3.04     0.989062      1800111        91.43
        3.04     0.989844      1800111        98.46
        3.06     0.990625      1803306       106.67
        3.06     0.991406      1803306       116.36
        3.07     0.992188      1805934       128.00
        3.07     0.992578      1805934       134.74
        3.07     0.992969      1805934       142.22
        3.07     0.993359      1805934       150.59
        3.09     0.993750      1807976       160.00
        3.09     0.994141      1807976       170.67
        3.10     0.994531      1809459       182.86
        3.10     0.994922      1809459       196.92
        3.12     0.995313      1810653       213.33
        3.12     0.995703      1810653       232.73
        3.13     0.996094      1811535       256.00
        3.13     0.996289      1811535       269.47
        3.15     0.996484      1812136       284.44
        3.15     0.996680      1812136       301.18
        3.17     0.996875      1812544       320.00
        3.18     0.997070      1812847       341.33
        3.20     0.997266      1813050       365.71
        3.25     0.997461      1813400       393.85
        3.42     0.997656      1813759       426.67
        3.65     0.997852      1814102       465.45
        3.87     0.998047      1814450       512.00
        4.00     0.998145      1814654       538.95
        4.13     0.998242      1814838       568.89
        4.25     0.998340      1815012       602.35
        4.38     0.998437      1815179       640.00
        4.51     0.998535      1815352       682.67
        4.67     0.998633      1815556       731.43
        4.80     0.998730      1815725       787.69
        4.93     0.998828      1815912       853.33
        5.05     0.998926      1816078       930.91
        5.18     0.999023      1816269      1024.00
        5.21     0.999072      1816322      1077.89
        5.28     0.999121      1816404      1137.78
        5.34     0.999170      1816519      1204.71
        5.41     0.999219      1816605      1280.00
        5.47     0.999268      1816710      1365.33
        5.54     0.999316      1816790      1462.86
        5.60     0.999365      1816887      1575.38
        5.66     0.999414      1816960      1706.67
        5.73     0.999463      1817046      1861.82
        5.79     0.999512      1817122      2048.00
        5.82     0.999536      1817160      2155.79
        5.89     0.999561      1817235      2275.56
        5.92     0.999585      1817253      2409.41
        5.98     0.999609      1817325      2560.00
        6.01     0.999634      1817368      2730.67
        6.05     0.999658      1817388      2925.71
        6.11     0.999683      1817438      3150.77
        6.14     0.999707      1817469      3413.33
        6.21     0.999731      1817524      3723.64
        6.27     0.999756      1817560      4096.00
        6.30     0.999768      1817582      4311.58
        6.37     0.999780      1817612      4551.11
        6.40     0.999792      1817623      4818.82
        6.46     0.999805      1817657      5120.00
        6.50     0.999817      1817668      5461.33
        6.56     0.999829      1817701      5851.43
        6.59     0.999841      1817713      6301.54
        6.66     0.999854      1817740      6826.67
        6.69     0.999866      1817756      7447.27
        6.78     0.999878      1817782      8192.00
        6.82     0.999884      1817792      8623.16
        6.88     0.999890      1817808      9102.22
        6.91     0.999896      1817816      9637.65
        6.94     0.999902      1817823     10240.00
        7.01     0.999908      1817844     10922.67
        7.04     0.999915      1817850     11702.86
        7.07     0.999921      1817856     12603.08
        7.13     0.999927      1817876     13653.33
        7.17     0.999933      1817883     14894.55
        7.23     0.999939      1817897     16384.00
        7.23     0.999942      1817897     17246.32
        7.26     0.999945      1817902     18204.44
        7.29     0.999948      1817908     19275.29
        7.33     0.999951      1817912     20480.00
        7.36     0.999954      1817918     21845.33
        7.39     0.999957      1817927     23405.71
        7.42     0.999960      1817933     25206.15
        7.46     0.999963      1817938     27306.67
        7.49     0.999966      1817941     29789.09
        7.52     0.999969      1817947     32768.00
        7.55     0.999971      1817953     34492.63
        7.55     0.999973      1817953     36408.89
        7.55     0.999974      1817953     38550.59
        7.62     0.999976      1817957     40960.00
        7.65     0.999977      1817962     43690.67
        7.65     0.999979      1817962     46811.43
        7.68     0.999980      1817968     50412.31
        7.68     0.999982      1817968     54613.33
        7.71     0.999983      1817973     59578.18
        7.71     0.999985      1817973     65536.00
        7.74     0.999986      1817974     68985.26
        7.78     0.999986      1817977     72817.78
        7.78     0.999987      1817977     77101.18
        7.81     0.999988      1817981     81920.00
        7.81     0.999989      1817981     87381.33
        7.81     0.999989      1817981     93622.86
        7.84     0.999990      1817982    100824.62
        7.87     0.999991      1817985    109226.67
        7.87     0.999992      1817985    119156.36
        7.97     0.999992      1817989    131072.00
        7.97     0.999993      1817989    137970.53
        7.97     0.999993      1817989    145635.56
        7.97     0.999994      1817989    154202.35
        7.97     0.999994      1817989    163840.00
        8.00     0.999994      1817992    174762.67
        8.00     0.999995      1817992    187245.71
        8.00     0.999995      1817992    201649.23
        8.00     0.999995      1817992    218453.33
        8.03     0.999996      1817993    238312.73
        8.10     0.999996      1817994    262144.00
        8.10     0.999996      1817994    275941.05
        8.10     0.999997      1817994    291271.11
        8.13     0.999997      1817995    308404.71
        8.13     0.999997      1817995    327680.00
        8.13     0.999997      1817995    349525.33
        8.16     0.999997      1817996    374491.43
        8.16     0.999998      1817996    403298.46
        8.16     0.999998      1817996    436906.67
        8.32     0.999998      1817997    476625.45
        8.32     0.999998      1817997    524288.00
        8.32     0.999998      1817997    551882.11
        8.32     0.999998      1817997    582542.22
        8.38     0.999998      1817998    616809.41
        8.38     0.999998      1817998    655360.00
        8.38     0.999999      1817998    699050.67
        8.38     0.999999      1817998    748982.86
        8.38     0.999999      1817998    806596.92
        8.38     0.999999      1817998    873813.33
        8.51     0.999999      1817999    953250.91
        8.51     0.999999      1817999   1048576.00
        8.51     0.999999      1817999   1103764.21
        8.51     0.999999      1817999   1165084.44
        8.51     0.999999      1817999   1233618.82
        8.51     0.999999      1817999   1310720.00
        8.51     0.999999      1817999   1398101.33
        8.51     0.999999      1817999   1497965.71
        8.51     0.999999      1817999   1613193.85
        8.51     0.999999      1817999   1747626.67
        8.70     0.999999      1818000   1906501.82
        8.70     1.000000      1818000          inf
#[Mean    =        1.705, StdDeviation   =        0.403]
#[Max     =        8.703, Total count    =      1818000]
#[Buckets =           10, SubBuckets     =          256]
