       Value   Percentile   TotalCount 1/(1-Percentile)

        0.06     0.000000            2         1.00
        1.46     0.050000       110416         1.05
        1.49     0.100000       220294         1.11
        1.50     0.150000       345050         1.18
        1.51     0.200000       425059         1.25
        1.52     0.250000       515543         1.33
        1.53     0.300000       615069         1.43
        1.53     0.350000       721354         1.54
        1.54     0.400000       829890         1.67
        1.55     0.450000       937931         1.82
        1.56     0.500000      1040592         2.00
        1.57     0.525000      1134550         2.11
        1.57     0.550000      1134550         2.22
        1.57     0.575000      1215806         2.35
        1.57     0.600000      1215806         2.50
        1.58     0.625000      1284961         2.67
        1.59     0.650000      1342229         2.86
        1.60     0.675000      1388933         3.08
        1.61     0.700000      1426489         3.33
        1.61     0.725000      1456103         3.64
        1.64     0.750000      1514239         4.00
        1.65     0.762500      1526778         4.21
        1.67     0.775000      1550730         4.44
        1.82     0.787500      1575486         4.71
        1.94     0.800000      1600149         5.00
        1.99     0.812500      1629655         5.33
        2.02     0.825000      1653044         5.71
        2.06     0.837500      1688279         6.15
        2.08     0.850000      1704158         6.67
        2.11     0.862500      1738191         7.27
        2.13     0.875000      1755633         8.00
        2.14     0.881250      1773238         8.42
        2.16     0.887500      1790310         8.89
        2.16     0.893750      1790310         9.41
        2.17     0.900000      1806843        10.00
        2.19     0.906250      1821924        10.67
        2.21     0.912500      1835357        11.43
        2.22     0.918750      1846941        12.31
        2.24     0.925000      1856839        13.33
        2.25     0.931250      1864999        14.55
        2.29     0.937500      1876875        16.00
        2.32     0.940625      1883949        16.84
        2.35     0.943750      1888011        17.78
        2.62     0.946875      1893812        18.82
        2.78     0.950000      1900845        20.00
        2.83     0.953125      1908303        21.33
        2.86     0.956250      1916188        22.86
        2.88     0.959375      1921104        24.62
        2.90     0.962500      1926572        26.67
        2.91     0.965625      1932643        29.09
        2.93     0.968750      1939129        32.00
        2.94     0.970313      1945707        33.68
        2.94     0.971875      1945707        35.56
        2.96     0.973437      1952267        37.65
        2.96     0.975000      1952267        40.00
        2.98     0.976562      1958762        42.67
        2.98     0.978125      1958762        45.71
        2.99     0.979688      1964865        49.23
        2.99     0.981250      1964865        53.33
        3.01     0.982812      1970569        58.18
        3.01     0.984375      1970569        64.00
        3.01     0.985156      1970569        67.37
        3.02     0.985938      1975699        71.11
        3.02     0.986719      1975699        75.29
        3.02     0.987500      1975699        80.00
        3.04     0.988281      1980052        85.33
        3.04     0.989062      1980052        91.43
        3.04     0.989844      1980052        98.46
        3.06     0.990625      1983598       106.67
        3.06     0.991406      1983598       116.36
        3.07     0.992188      1986493       128.00
        3.07     0.992578      1986493       134.74
        3.07     0.992969      1986493       142.22
        3.09     0.993359      1988768       150.59
        3.09     0.993750      1988768       160.00
        3.09     0.994141      1988768       170.67
        3.10     0.994531      1990413       182.86
        3.10     0.994922      1990413       196.92
        3.12     0.995313      1991720       213.33
        3.12     0.995703      1991720       232.73
        3.13     0.996094      1992688       256.00
        3.13     0.996289      1992688       269.47
        3.15     0.996484      1993354       284.44
        3.17     0.996680      1993813       301.18
        3.17     0.996875      1993813       320.00
        3.18     0.997070      1994143       341.33
        3.21     0.997266      1994539       365.71
        3.33     0.997461      1994952       393.85
        3.54     0.997656      1995329       426.67
        3.77     0.997852      1995727       465.45
        3.98     0.998047      1996105       512.00
        4.13     0.998145      1996336       538.95
        4.25     0.998242      1996528       568.89
        4.38     0.998340      1996711       602.35
        4.51     0.998437      1996895       640.00
        4.64     0.998535      1997076       682.67
        4.77     0.998633      1997268       731.43
        4.89     0.998730      1997464       787.69
        5.05     0.998828      1997697       853.33
        5.18     0.998926      1997904       930.91
        5.31     0.999023      1998105      1024.00
        5.34     0.999072      1998170      1077.89
        5.41     0.999121      1998263      1137.78
        5.47     0.999170      1998380      1204.71
        5.54     0.999219      1998473      1280.00
        5.60     0.999268      1998581      1365.33
        5.66     0.999316      1998659      1462.86
        5.73     0.999365      1998751      1575.38
        5.79     0.999414      1998829      1706.67
        5.89     0.999463      1998951      1861.82
        5.98     0.999512      1999046      2048.00
        6.01     0.999536      1999092      2155.79
        6.08     0.999561      1999144      2275.56
        6.11     0.999585      1999172      2409.41
        6.17     0.999609      1999241      2560.00
        6.21     0.999634      1999270      2730.67
        6.30     0.999658      1999338      2925.71
        6.37     0.999683      1999373      3150.77
        6.46     0.999707      1999419      3413.33
        6.56     0.999731      1999469      3723.64
        6.66     0.999756      1999513      4096.00
        6.72     0.999768      1999538      4311.58
        6.82     0.999780      1999569      4551.11
        6.88     0.999792      1999587      4818.82
        6.97     0.999805      1999615      5120.00
        7.07     0.999817      1999640      5461.33
        7.13     0.999829      1999661      5851.43
        7.23     0.999841      1999684      6301.54
        7.36     0.999854      1999708      6826.67
        7.49     0.999866      1999732      7447.27
        7.65     0.999878      1999757      8192.00
        7.74     0.999884      1999770      8623.16
        7.87     0.999890      1999782      9102.22
        8.13     0.999896      1999793      9637.65
       15.42     0.999902      1999805     10240.00
       16.00     0.999908      1999820     10922.67
       16.38     0.999915      1999836     11702.86
       16.51     0.999921      1999847     12603.08
       16.64     0.999927      1999855     13653.33
       16.89     0.999933      1999870     14894.55
       17.02     0.999939      1999881     16384.00
       17.15     0.999942      1999893     17246.32
       17.15     0.999945      1999893     18204.44
       17.28     0.999948      1999898     19275.29
       17.41     0.999951      1999906     20480.00
       17.54     0.999954      1999914     21845.33
       17.66     0.999957      1999921     23405.71
       17.66     0.999960      1999921     25206.15
       17.79     0.999963      1999932     27306.67
       17.92     0.999966      1999942     29789.09
       17.92     0.999969      1999942     32768.00
       18.05     0.999971      1999953     34492.63
       18.05     0.999973      1999953     36408.89
       18.05     0.999974      1999953     38550.59
       18.05     0.999976      1999953     40960.00
       18.18     0.999977      1999961     43690.67
       18.18     0.999979      1999961     46811.43
       18.18     0.999980      1999961     50412.31
       18.30     0.999982      1999967     54613.33
       18.30     0.999983      1999967     59578.18
       18.43     0.999985      1999971     65536.00
       18.56     0.999986      1999977     68985.26
       18.56     0.999986      1999977     72817.78
       18.56     0.999987      1999977     77101.18
       18.56     0.999988      1999977     81920.00
       18.69     0.999989      1999982     87381.33
       18.69     0.999989      1999982     93622.86
       18.69     0.999990      1999982    100824.62
       18.69     0.999991      1999982    109226.67
       18.82     0.999992      1999988    119156.36
       18.82     0.999992      1999988    131072.00
       18.82     0.999993      1999988    137970.53
       18.82     0.999993      1999988    145635.56
       18.82     0.999994      1999988    154202.35
       18.82     0.999994      1999988    163840.00
       18.94     0.999994      1999994    174762.67
       18.94     0.999995      1999994    187245.71
       18.94     0.999995      1999994    201649.23
       18.94     0.999995      1999994    218453.33
       18.94     0.999996      1999994    238312.73
       18.94     0.999996      1999994    262144.00
       18.94     0.999996      1999994    275941.05
       18.94     0.999997      1999994    291271.11
       18.94     0.999997      1999994    308404.71
       18.94     0.999997      1999994    327680.00
       19.07     0.999997      1999997    349525.33
       19.07     0.999997      1999997    374491.43
       19.07     0.999998      1999997    403298.46
       19.07     0.999998      1999997    436906.67
       19.07     0.999998      1999997    476625.45
       19.07     0.999998      1999997    524288.00
       19.07     0.999998      1999997    551882.11
       19.07     0.999998      1999997    582542.22
       19.07     0.999998      1999997    616809.41
       19.07     0.999998      1999997    655360.00
       19.20     0.999999      1999999    699050.67
       19.20     0.999999      1999999    748982.86
       19.20     0.999999      1999999    806596.92
       19.20     0.999999      1999999    873813.33
       19.20     0.999999      1999999    953250.91
       19.20     0.999999      1999999   1048576.00
       19.20     0.999999      1999999   1103764.21
       19.20     0.999999      1999999   1165084.44
       19.20     0.999999      1999999   1233618.82
       19.20     0.999999      1999999   1310720.00
       19.20     0.999999      1999999   1398101.33
       19.20     0.999999      1999999   1497965.71
       19.20     0.999999      1999999   1613193.85
       19.20     0.999999      1999999   1747626.67
       19.20     0.999999      1999999   1906501.82
       19.33     1.000000      2000000   2097152.00
       19.33     1.000000      2000000          inf
#[Mean    =        1.706, StdDeviation   =        0.432]
#[Max     =       19.327, Total count    =      2000000]
#[Buckets =           10, SubBuckets     =          256]
