       Value   Percentile   TotalCount 1/(1-Percentile)

        0.06     0.000000            1         1.00
        2.90     0.050000        42902         1.05
        2.91     0.100000        83139         1.11
        2.91     0.150000        83139         1.18
        2.93     0.200000       138942         1.25
        2.93     0.250000       138942         1.33
        2.93     0.300000       138942         1.43
        2.94     0.350000       196918         1.54
        2.94     0.400000       196918         1.67
        2.96     0.450000       251897         1.82
        2.96     0.500000       251897         2.00
        2.96     0.525000       251897         2.11
        2.96     0.550000       251897         2.22
        2.98     0.575000       300756         2.35
        2.98     0.600000       300756         2.50
        2.98     0.625000       300756         2.67
        2.98     0.650000       300756         2.86
        2.99     0.675000       342069         3.08
        2.99     0.700000       342069         3.33
        2.99     0.725000       342069         3.64
        2.99     0.750000       342069         4.00
        3.01     0.762500       373539         4.21
        3.01     0.775000       373539         4.44
        3.01     0.787500       373539         4.71
        3.01     0.800000       373539         5.00
        3.01     0.812500       373539         5.33
        3.02     0.825000       390999         5.71
        3.02     0.837500       390999         6.15
        3.02     0.850000       390999         6.67
        3.04     0.862500       399416         7.27
        3.04     0.875000       399416         8.00
        3.06     0.881250       403947         8.42
        3.06     0.887500       403947         8.89
        3.07     0.893750       406810         9.41
        3.12     0.900000       409889        10.00
        3.36     0.906250       412850        10.67
        3.39     0.912500       418918        11.43
        3.39     0.918750       418918        12.31
        3.41     0.925000       423865        13.33
        3.41     0.931250       423865        14.55
        3.42     0.937500       430849        16.00
        3.42     0.940625       430849        16.84
        3.42     0.943750       430849        17.78
        3.42     0.946875       430849        18.82
        3.44     0.950000       438395        20.00
        3.44     0.953125       438395        21.33
        3.44     0.956250       438395        22.86
        3.44     0.959375       438395        24.62
        3.44     0.962500       438395        26.67
        3.46     0.965625       442571        29.09
        3.46     0.968750       442571        32.00
        3.46     0.970313       442571        33.68
        3.46     0.971875       442571        35.56
        3.47     0.973437       443854        37.65
        3.47     0.975000       443854        40.00
        3.49     0.976562       444427        42.67
        3.54     0.978125       445059        45.71
        3.63     0.979688       446007        49.23
        3.66     0.981250       446673        53.33
        3.85     0.982812       447247        58.18
        4.16     0.984375       447975        64.00
        4.19     0.985156       449997        67.37
        4.19     0.985938       449997        71.11
        4.19     0.986719       449997        75.29
        4.19     0.987500       449997        80.00
        4.19     0.988281       449997        85.33
        4.22     0.989062       451278        91.43
        4.22     0.989844       451278        98.46
        4.22     0.990625       451278       106.67
        4.22     0.991406       451278       116.36
        4.25     0.992188       451516       128.00
        4.38     0.992578       451634       134.74
        4.74     0.992969       451805       142.22
        5.12     0.993359       451993       150.59
        5.50     0.993750       452161       160.00
        6.24     0.994141       452336       170.67
        6.88     0.994531       452519       182.86
        7.65     0.994922       452695       196.92
        8.38     0.995313       452874       213.33
        9.21     0.995703       453053       232.73
       10.05     0.996094       453228       256.00
       10.37     0.996289       453316       269.47
       10.81     0.996484       453411       284.44
       11.26     0.996680       453498       301.18
       11.78     0.996875       453584       320.00
       12.29     0.997070       453676       341.33
       12.73     0.997266       453759       365.71
       12.99     0.997461       453860       393.85
       13.25     0.997656       453942       426.67
       13.63     0.997852       454024       465.45
       13.89     0.998047       454112       512.00
       14.02     0.998145       454159       538.95
       14.27     0.998242       454211       568.89
       14.53     0.998340       454247       602.35
       14.91     0.998437       454295       640.00
       15.23     0.998535       454346       682.67
       15.42     0.998633       454381       731.43
       15.81     0.998730       454433       787.69
       16.06     0.998828       454467       853.33
       16.51     0.998926       454529       930.91
       16.77     0.999023       454570      1024.00
       16.89     0.999072       454590      1077.89
       17.02     0.999121       454608      1137.78
       17.15     0.999170       454629      1204.71
       17.28     0.999219       454646      1280.00
       17.54     0.999268       454683      1365.33
       17.66     0.999316       454704      1462.86
       17.79     0.999365       454723      1575.38
       17.92     0.999414       454760      1706.67
       17.92     0.999463       454760      1861.82
       18.18     0.999512       454785      2048.00
       18.30     0.999536       454795      2155.79
       18.43     0.999561       454805      2275.56
       18.56     0.999585       454816      2409.41
       18.69     0.999609       454823      2560.00
       19.20     0.999634       454838      2730.67
       19.71     0.999658       454845      2925.71
       20.99     0.999683       454857      3150.77
       21.89     0.999707       454869      3413.33
       22.66     0.999731       454878      3723.64
       23.68     0.999756       454890      4096.00
       24.06     0.999768       454895      4311.58
       24.45     0.999780       454902      4551.11
       24.83     0.999792       454906      4818.82
       25.21     0.999805       454912      5120.00
       26.11     0.999817       454917      5461.33
       26.50     0.999829       454923      5851.43
       27.26     0.999841       454929      6301.54
       28.16     0.999854       454935      6826.67
       28.80     0.999866       454939      7447.27
       29.31     0.999878       454945      8192.00
       29.57     0.999884       454951      8623.16
       29.57     0.999890       454951      9102.22
       30.08     0.999896       454953      9637.65
       30.21     0.999902       454958     10240.00
       30.59     0.999908       454961     10922.67
       30.72     0.999915       454963     11702.86
       30.85     0.999921       454966     12603.08
       30.98     0.999927       454969     13653.33
       31.10     0.999933       454970     14894.55
       31.23     0.999939       454974     16384.00
       31.23     0.999942       454974     17246.32
       31.49     0.999945       454976     18204.44
       31.74     0.999948       454978     19275.29
       31.74     0.999951       454978     20480.00
       31.87     0.999954       454980     21845.33
       32.00     0.999957       454983     23405.71
       32.00     0.999960       454983     25206.15
       32.13     0.999963       454984     27306.67
       32.26     0.999966       454985     29789.09
       32.51     0.999969       454987     32768.00
       32.51     0.999971       454987     34492.63
       32.64     0.999973       454988     36408.89
       33.02     0.999974       454990     38550.59
       33.02     0.999976       454990     40960.00
       33.02     0.999977       454990     43690.67
       33.28     0.999979       454991     46811.43
       33.28     0.999980       454991     50412.31
       33.53     0.999982       454992     54613.33
       33.79     0.999983       454993     59578.18
       34.05     0.999985       454995     65536.00
       34.05     0.999986       454995     68985.26
       34.05     0.999986       454995     72817.78
       34.05     0.999987       454995     77101.18
       34.05     0.999988       454995     81920.00
       34.05     0.999989       454995     87381.33
       34.56     0.999989       454997     93622.86
       34.56     0.999990       454997    100824.62
       34.56     0.999991       454997    109226.67
       34.56     0.999992       454997    119156.36
       34.56     0.999992       454997    131072.00
       34.56     0.999993       454997    137970.53
       34.56     0.999993       454997    145635.56
       34.81     0.999994       454999    154202.35
       34.81     0.999994       454999    163840.00
       34.81     0.999994       454999    174762.67
       34.81     0.999995       454999    187245.71
       34.81     0.999995       454999    201649.23
       34.81     0.999995       454999    218453.33
       34.81     0.999996       454999    238312.73
       34.81     0.999996       454999    262144.00
       34.81     0.999996       454999    275941.05
       34.81     0.999997       454999    291271.11
       34.81     0.999997       454999    308404.71
       34.81     0.999997       454999    327680.00
       34.81     0.999997       454999    349525.33
       34.81     0.999997       454999    374491.43
       34.81     0.999998       454999    403298.46
       34.81     0.999998       454999    436906.67
       35.33     0.999998       455000    476625.45
       35.33     1.000000       455000          inf
#[Mean    =        3.046, StdDeviation   =        0.871]
#[Max     =       35.327, Total count    =       455000]
#[Buckets =           10, SubBuckets     =          256]
