       Value   Percentile   TotalCount 1/(1-Percentile)

        0.07     0.000000            1         1.00
        2.90     0.050000       426072         1.05
        2.91     0.100000       815186         1.11
        2.91     0.150000       815186         1.18
        2.93     0.200000      1373581         1.25
        2.93     0.250000      1373581         1.33
        2.93     0.300000      1373581         1.43
        2.94     0.350000      1959696         1.54
        2.94     0.400000      1959696         1.67
        2.96     0.450000      2514076         1.82
        2.96     0.500000      2514076         2.00
        2.96     0.525000      2514076         2.11
        2.96     0.550000      2514076         2.22
        2.98     0.575000      3004245         2.35
        2.98     0.600000      3004245         2.50
        2.98     0.625000      3004245         2.67
        2.98     0.650000      3004245         2.86
        2.99     0.675000      3417281         3.08
        2.99     0.700000      3417281         3.33
        2.99     0.725000      3417281         3.64
        2.99     0.750000      3417281         4.00
        3.01     0.762500      3730281         4.21
        3.01     0.775000      3730281         4.44
        3.01     0.787500      3730281         4.71
        3.01     0.800000      3730281         5.00
        3.01     0.812500      3730281         5.33
        3.02     0.825000      3910400         5.71
        3.02     0.837500      3910400         6.15
        3.02     0.850000      3910400         6.67
        3.04     0.862500      3995609         7.27
        3.04     0.875000      3995609         8.00
        3.06     0.881250      4039455         8.42
        3.06     0.887500      4039455         8.89
        3.07     0.893750      4068762         9.41
        3.10     0.900000      4091883        10.00
        3.36     0.906250      4122896        10.67
        3.39     0.912500      4183091        11.43
        3.39     0.918750      4183091        12.31
        3.41     0.925000      4232053        13.33
        3.42     0.931250      4303908        14.55
        3.42     0.937500      4303908        16.00
        3.42     0.940625      4303908        16.84
        3.42     0.943750      4303908        17.78
        3.42     0.946875      4303908        18.82
        3.44     0.950000      4379144        20.00
        3.44     0.953125      4379144        21.33
        3.44     0.956250      4379144        22.86
        3.44     0.959375      4379144        24.62
        3.44     0.962500      4379144        26.67
        3.46     0.965625      4420548        29.09
        3.46     0.968750      4420548        32.00
        3.46     0.970313      4420548        33.68
        3.46     0.971875      4420548        35.56
        3.47     0.973437      4433029        37.65
        3.47     0.975000      4433029        40.00
        3.49     0.976562      4439127        42.67
        3.54     0.978125      4445905        45.71
        3.63     0.979688      4454235        49.23
        3.66     0.981250      4460441        53.33
        3.90     0.982812      4467158        58.18
        4.16     0.984375      4474687        64.00
        4.19     0.985156      4495999        67.37
        4.19     0.985938      4495999        71.11
        4.19     0.986719      4495999        75.29
        4.19     0.987500      4495999        80.00
        4.19     0.988281      4495999        85.33
        4.19     0.989062      4495999        91.43
        4.22     0.989844      4508409        98.46
        4.22     0.990625      4508409       106.67
        4.22     0.991406      4508409       116.36
        4.25     0.992188      4510847       128.00
        4.29     0.992578      4511448       134.74
        4.54     0.992969      4513043       142.22
        4.83     0.993359      4514886       150.59
        5.21     0.993750      4516625       160.00
        5.86     0.994141      4518405       170.67
        6.59     0.994531      4520179       182.86
        7.42     0.994922      4522040       196.92
        8.26     0.995313      4523769       213.33
        9.28     0.995703      4525565       232.73
       10.30     0.996094      4527353       256.00
       10.75     0.996289      4528232       269.47
       11.20     0.996484      4529041       284.44
       11.71     0.996680      4529990       301.18
       12.10     0.996875      4530802       320.00
       12.48     0.997070      4531755       341.33
       12.73     0.997266      4532579       365.71
       13.12     0.997461      4533495       393.85
       13.57     0.997656      4534491       426.67
       13.89     0.997852      4535304       465.45
       14.27     0.998047      4536182       512.00
       14.46     0.998145      4536588       538.95
       14.72     0.998242      4537028       568.89
       14.97     0.998340      4537492       602.35
       15.23     0.998437      4537924       640.00
       15.42     0.998535      4538433       682.67
       15.68     0.998633      4538887       731.43
       15.94     0.998730      4539330       787.69
       16.19     0.998828      4539779       853.33
       16.51     0.998926      4540267       930.91
       16.77     0.999023      4540649      1024.00
       16.89     0.999072      4540845      1077.89
       17.02     0.999121      4541017      1137.78
       17.28     0.999170      4541385      1204.71
       17.41     0.999219      4541593      1280.00
       17.54     0.999268      4541876      1365.33
       17.66     0.999316      4542081      1462.86
       17.79     0.999365      4542240      1575.38
       17.92     0.999414      4542427      1706.67
       18.05     0.999463      4542606      1861.82
       18.30     0.999512      4542845      2048.00
       18.43     0.999536      4542948      2155.79
       18.56     0.999561      4543030      2275.56
       18.82     0.999585      4543179      2409.41
       18.94     0.999609      4543236      2560.00
       19.20     0.999634      4543341      2730.67
       19.71     0.999658      4543455      2925.71
       20.48     0.999683      4543574      3150.77
       21.38     0.999707      4543678      3413.33
       22.40     0.999731      4543788      3723.64
       23.30     0.999756      4543894      4096.00
       23.81     0.999768      4543950      4311.58
       24.19     0.999780      4544003      4551.11
       24.70     0.999792      4544063      4818.82
       25.21     0.999805      4544130      5120.00
       25.60     0.999817      4544172      5461.33
       26.11     0.999829      4544238      5851.43
       26.50     0.999841      4544286      6301.54
       26.88     0.999854      4544337      6826.67
       27.39     0.999866      4544397      7447.27
       27.90     0.999878      4544449      8192.00
       28.16     0.999884      4544484      8623.16
       28.41     0.999890      4544510      9102.22
       28.67     0.999896      4544539      9637.65
       28.80     0.999902      4544557     10240.00
       29.18     0.999908      4544590     10922.67
       29.44     0.999915      4544619     11702.86
       29.70     0.999921      4544641     12603.08
       29.95     0.999927      4544673     13653.33
       30.21     0.999933      4544695     14894.55
       30.59     0.999939      4544735     16384.00
       30.72     0.999942      4544746     17246.32
       30.85     0.999945      4544755     18204.44
       30.98     0.999948      4544770     19275.29
       31.10     0.999951      4544780     20480.00
       31.23     0.999954      4544797     21845.33
       31.36     0.999957      4544806     23405.71
       31.61     0.999960      4544826     25206.15
       31.87     0.999963      4544848     27306.67
       31.87     0.999966      4544848     29789.09
       32.13     0.999969      4544866     32768.00
       32.26     0.999971      4544871     34492.63
       32.38     0.999973      4544882     36408.89
       32.51     0.999974      4544892     38550.59
       32.51     0.999976      4544892     40960.00
       32.64     0.999977      4544902     43690.67
       32.77     0.999979      4544910     46811.43
       32.77     0.999980      4544910     50412.31
       33.02     0.999982      4544925     54613.33
       33.02     0.999983      4544925     59578.18
       33.28     0.999985      4544935     65536.00
       33.28     0.999986      4544935     68985.26
       33.53     0.999986      4544951     72817.78
       33.53     0.999987      4544951     77101.18
       33.53     0.999988      4544951     81920.00
       33.53     0.999989      4544951     87381.33
       33.79     0.999989      4544959     93622.86
       33.79     0.999990      4544959    100824.62
       33.79     0.999991      4544959    109226.67
       34.05     0.999992      4544967    119156.36
       34.05     0.999992      4544967    131072.00
       34.30     0.999993      4544974    137970.53
       34.30     0.999993      4544974    145635.56
       34.30     0.999994      4544974    154202.35
       34.30     0.999994      4544974    163840.00
       34.30     0.999994      4544974    174762.67
       34.56     0.999995      4544977    187245.71
       34.81     0.999995      4544986    201649.23
       34.81     0.999995      4544986    218453.33
       34.81     0.999996      4544986    238312.73
       34.81     0.999996      4544986    262144.00
       34.81     0.999996      4544986    275941.05
       34.81     0.999997      4544986    291271.11
       34.81     0.999997      4544986    308404.71
       35.07     0.999997      4544988    327680.00
       35.07     0.999997      4544988    349525.33
       35.07     0.999997      4544988    374491.43
       35.33     0.999998      4544991    403298.46
       35.33     0.999998      4544991    436906.67
       35.33     0.999998      4544991    476625.45
       35.58     0.999998      4544992    524288.00
       35.58     0.999998      4544992    551882.11
       35.84     0.999998      4544993    582542.22
       35.84     0.999998      4544993    616809.41
       36.09     0.999998      4544994    655360.00
       36.09     0.999999      4544994    699050.67
       36.09     0.999999      4544994    748982.86
      211.97     0.999999      4545000    806596.92
      211.97     1.000000      4545000          inf
#[Mean    =        3.048, StdDeviation   =        0.902]
#[Max     =      211.967, Total count    =      4545000]
#[Buckets =           10, SubBuckets     =          256]
