       Value   Percentile   TotalCount 1/(1-Percentile)

        0.06     0.000000            1         1.00
        2.90     0.050000       468974         1.05
        2.91     0.100000       898325         1.11
        2.91     0.150000       898325         1.18
        2.93     0.200000      1512523         1.25
        2.93     0.250000      1512523         1.33
        2.93     0.300000      1512523         1.43
        2.94     0.350000      2156614         1.54
        2.94     0.400000      2156614         1.67
        2.96     0.450000      2765973         1.82
        2.96     0.500000      2765973         2.00
        2.96     0.525000      2765973         2.11
        2.96     0.550000      2765973         2.22
        2.98     0.575000      3305001         2.35
        2.98     0.600000      3305001         2.50
        2.98     0.625000      3305001         2.67
        2.98     0.650000      3305001         2.86
        2.99     0.675000      3759350         3.08
        2.99     0.700000      3759350         3.33
        2.99     0.725000      3759350         3.64
        2.99     0.750000      3759350         4.00
        3.01     0.762500      4103820         4.21
        3.01     0.775000      4103820         4.44
        3.01     0.787500      4103820         4.71
        3.01     0.800000      4103820         5.00
        3.01     0.812500      4103820         5.33
        3.02     0.825000      4301399         5.71
        3.02     0.837500      4301399         6.15
        3.02     0.850000      4301399         6.67
        3.04     0.862500      4395025         7.27
        3.04     0.875000      4395025         8.00
        3.06     0.881250      4443402         8.42
        3.06     0.887500      4443402         8.89
        3.07     0.893750      4475572         9.41
        3.10     0.900000      4501148        10.00
        3.36     0.906250      4535746        10.67
        3.39     0.912500      4602009        11.43
        3.39     0.918750      4602009        12.31
        3.41     0.925000      4655918        13.33
        3.42     0.931250      4734757        14.55
        3.42     0.937500      4734757        16.00
        3.42     0.940625      4734757        16.84
        3.42     0.943750      4734757        17.78
        3.42     0.946875      4734757        18.82
        3.44     0.950000      4817539        20.00
        3.44     0.953125      4817539        21.33
        3.44     0.956250      4817539        22.86
        3.44     0.959375      4817539        24.62
        3.44     0.962500      4817539        26.67
        3.46     0.965625      4863119        29.09
        3.46     0.968750      4863119        32.00
        3.46     0.970313      4863119        33.68
        3.46     0.971875      4863119        35.56
        3.47     0.973437      4876883        37.65
        3.47     0.975000      4876883        40.00
        3.49     0.976562      4883554        42.67
        3.54     0.978125      4890964        45.71
        3.63     0.979688      4900242        49.23
        3.66     0.981250      4907114        53.33
        3.89     0.982812      4914186        58.18
        4.16     0.984375      4922662        64.00
        4.19     0.985156      4945996        67.37
        4.19     0.985938      4945996        71.11
        4.19     0.986719      4945996        75.29
        4.19     0.987500      4945996        80.00
        4.19     0.988281      4945996        85.33
        4.19     0.989062      4945996        91.43
        4.22     0.989844      4959687        98.46
        4.22     0.990625      4959687       106.67
        4.22     0.991406      4959687       116.36
        4.25     0.992188      4962363       128.00
        4.29     0.992578      4963004       134.74
        4.58     0.992969      4964901       142.22
        4.86     0.993359      4966884       150.59
        5.25     0.993750      4968762       160.00
        5.92     0.994141      4970769       170.67
        6.62     0.994531      4972678       182.86
        7.42     0.994922      4974681       196.92
        8.26     0.995313      4976602       213.33
        9.28     0.995703      4978632       232.73
       10.24     0.996094      4980533       256.00
       10.69     0.996289      4981485       269.47
       11.20     0.996484      4982519       284.44
       11.65     0.996680      4983416       301.18
       12.10     0.996875      4984444       320.00
       12.48     0.997070      4985467       341.33
       12.73     0.997266      4986338       365.71
       13.12     0.997461      4987389       393.85
       13.50     0.997656      4988312       426.67
       13.89     0.997852      4989416       465.45
       14.21     0.998047      4990253       512.00
       14.46     0.998145      4990823       538.95
       14.72     0.998242      4991295       568.89
       14.97     0.998340      4991800       602.35
       15.23     0.998437      4992270       640.00
       15.42     0.998535      4992814       682.67
       15.62     0.998633      4993190       731.43
       15.87     0.998730      4993661       787.69
       16.19     0.998828      4994262       853.33
       16.51     0.998926      4994796       930.91
       16.77     0.999023      4995219      1024.00
       16.89     0.999072      4995435      1077.89
       17.02     0.999121      4995625      1137.78
       17.28     0.999170      4996031      1204.71
       17.41     0.999219      4996254      1280.00
       17.54     0.999268      4996559      1365.33
       17.66     0.999316      4996785      1462.86
       17.79     0.999365      4996963      1575.38
       17.92     0.999414      4997187      1706.67
       18.05     0.999463      4997380      1861.82
       18.30     0.999512      4997640      2048.00
       18.43     0.999536      4997753      2155.79
       18.56     0.999561      4997846      2275.56
       18.69     0.999585      4997936      2409.41
       18.94     0.999609      4998067      2560.00
       19.20     0.999634      4998179      2730.67
       19.71     0.999658      4998300      2925.71
       20.48     0.999683      4998425      3150.77
       21.38     0.999707      4998539      3413.33
       22.40     0.999731      4998662      3723.64
       23.30     0.999756      4998780      4096.00
       23.81     0.999768      4998843      4311.58
       24.19     0.999780      4998902      4551.11
       24.70     0.999792      4998967      4818.82
       25.21     0.999805      4999042      5120.00
       25.60     0.999817      4999087      5461.33
       26.11     0.999829      4999155      5851.43
       26.50     0.999841      4999209      6301.54
       27.01     0.999854      4999277      6826.67
       27.52     0.999866      4999344      7447.27
       28.03     0.999878      4999401      8192.00
       28.29     0.999884      4999433      8623.16
       28.54     0.999890      4999460      9102.22
       28.80     0.999896      4999496      9637.65
       29.05     0.999902      4999523     10240.00
       29.31     0.999908      4999551     10922.67
       29.57     0.999915      4999583     11702.86
       29.82     0.999921      4999609     12603.08
       30.08     0.999927      4999635     13653.33
       30.34     0.999933      4999667     14894.55
       30.59     0.999939      4999696     16384.00
       30.85     0.999942      4999721     17246.32
       30.98     0.999945      4999739     18204.44
       31.10     0.999948      4999750     19275.29
       31.23     0.999951      4999771     20480.00
       31.36     0.999954      4999781     21845.33
       31.49     0.999957      4999795     23405.71
       31.61     0.999960      4999802     25206.15
       31.87     0.999963      4999828     27306.67
       32.00     0.999966      4999841     29789.09
       32.13     0.999969      4999850     32768.00
       32.26     0.999971      4999856     34492.63
       32.38     0.999973      4999868     36408.89
       32.51     0.999974      4999879     38550.59
       32.51     0.999976      4999879     40960.00
       32.64     0.999977      4999890     43690.67
       32.77     0.999979      4999898     46811.43
       33.02     0.999980      4999915     50412.31
       33.02     0.999982      4999915     54613.33
       33.28     0.999983      4999926     59578.18
       33.28     0.999985      4999926     65536.00
       33.53     0.999986      4999943     68985.26
       33.53     0.999986      4999943     72817.78
       33.53     0.999987      4999943     77101.18
       33.53     0.999988      4999943     81920.00
       33.53     0.999989      4999943     87381.33
       33.79     0.999989      4999952     93622.86
       33.79     0.999990      4999952    100824.62
       34.05     0.999991      4999962    109226.67
       34.05     0.999992      4999962    119156.36
       34.05     0.999992      4999962    131072.00
       34.30     0.999993      4999969    137970.53
       34.30     0.999993      4999969    145635.56
       34.30     0.999994      4999969    154202.35
       34.56     0.999994      4999974    163840.00
       34.56     0.999994      4999974    174762.67
       34.56     0.999995      4999974    187245.71
       34.81     0.999995      4999985    201649.23
       34.81     0.999995      4999985    218453.33
       34.81     0.999996      4999985    238312.73
       34.81     0.999996      4999985    262144.00
       34.81     0.999996      4999985    275941.05
       34.81     0.999997      4999985    291271.11
       34.81     0.999997      4999985    308404.71
       34.81     0.999997      4999985    327680.00
       35.07     0.999997      4999987    349525.33
       35.07     0.999997      4999987    374491.43
       35.33     0.999998      4999991    403298.46
       35.33     0.999998      4999991    436906.67
       35.33     0.999998      4999991    476625.45
       35.33     0.999998      4999991    524288.00
       35.33     0.999998      4999991    551882.11
       35.58     0.999998      4999992    582542.22
       35.58     0.999998      4999992    616809.41
       35.84     0.999998      4999993    655360.00
       35.84     0.999999      4999993    699050.67
       36.09     0.999999      4999994    748982.86
       36.09     0.999999      4999994    806596.92
      211.97     0.999999      5000000    873813.33
      211.97     1.000000      5000000          inf
#[Mean    =        3.048, StdDeviation   =        0.900]
#[Max     =      211.967, Total count    =      5000000]
#[Buckets =           10, SubBuckets     =          256]
