       Value   Percentile   TotalCount 1/(1-Percentile)

        0.06     0.000000           21         1.00
        2.72     0.050000       229807         1.05
        2.73     0.100000       512292         1.11
        2.75     0.150000       968385         1.18
        2.75     0.200000       968385         1.25
        2.77     0.250000      1489641         1.33
        2.77     0.300000      1489641         1.43
        2.78     0.350000      2046542         1.54
        2.78     0.400000      2046542         1.67
        2.78     0.450000      2046542         1.82
        2.80     0.500000      2540696         2.00
        2.80     0.525000      2540696         2.11
        2.80     0.550000      2540696         2.22
        2.81     0.575000      3001017         2.35
        2.81     0.600000      3001017         2.50
        2.81     0.625000      3001017         2.67
        2.81     0.650000      3001017         2.86
        2.83     0.675000      3407448         3.08
        2.83     0.700000      3407448         3.33
        2.83     0.725000      3407448         3.64
        2.85     0.750000      3662338         4.00
        2.85     0.762500      3662338         4.21
        2.85     0.775000      3662338         4.44
        2.85     0.787500      3662338         4.71
        2.85     0.800000      3662338         5.00
        2.86     0.812500      3822599         5.33
        2.86     0.825000      3822599         5.71
        2.86     0.837500      3822599         6.15
        2.88     0.850000      3933614         6.67
        2.88     0.862500      3933614         7.27
        2.90     0.875000      4008951         8.00
        2.90     0.881250      4008951         8.42
        2.91     0.887500      4058805         8.89
        2.93     0.893750      4090570         9.41
        2.93     0.900000      4090570        10.00
        2.96     0.906250      4119201        10.67
        3.06     0.912500      4148541        11.43
        3.15     0.918750      4178485        12.31
        3.20     0.925000      4220013        13.33
        3.21     0.931250      4263215        14.55
        3.21     0.937500      4263215        16.00
        3.23     0.940625      4311740        16.84
        3.23     0.943750      4311740        17.78
        3.23     0.946875      4311740        18.82
        3.25     0.950000      4347062        20.00
        3.25     0.953125      4347062        21.33
        3.25     0.956250      4347062        22.86
        3.26     0.959375      4383988        24.62
        3.26     0.962500      4383988        26.67
        3.28     0.965625      4425990        29.09
        3.28     0.968750      4425990        32.00
        3.28     0.970313      4425990        33.68
        3.28     0.971875      4425990        35.56
        3.28     0.973437      4425990        37.65
        3.29     0.975000      4451472        40.00
        3.29     0.976562      4451472        42.67
        3.29     0.978125      4451472        45.71
        3.31     0.979688      4460982        49.23
        3.31     0.981250      4460982        53.33
        3.34     0.982812      4471759        58.18
        3.36     0.984375      4476034        64.00
        3.38     0.985156      4480257        67.37
        3.39     0.985938      4485525        71.11
        3.39     0.986719      4485525        75.29
        3.41     0.987500      4492102        80.00
        3.41     0.988281      4492102        85.33
        3.42     0.989062      4497802        91.43
        3.44     0.989844      4502414        98.46
        3.44     0.990625      4502414       106.67
        3.47     0.991406      4508375       116.36
        3.49     0.992188      4510658       128.00
        3.50     0.992578      4512108       134.74
        3.54     0.992969      4513322       142.22
        3.65     0.993359      4514935       150.59
        4.01     0.993750      4516598       160.00
        4.35     0.994141      4518485       170.67
        4.70     0.994531      4520171       182.86
        5.38     0.994922      4521962       196.92
        6.40     0.995313      4523720       213.33
        7.55     0.995703      4525489       232.73
        8.77     0.996094      4527278       256.00
        9.34     0.996289      4528145       269.47
        9.98     0.996484      4529134       284.44
       10.56     0.996680      4529990       301.18
       11.07     0.996875      4530801       320.00
       11.65     0.997070      4531808       341.33
       12.10     0.997266      4532665       365.71
       12.41     0.997461      4533484       393.85
       12.93     0.997656      4534363       426.67
       13.57     0.997852      4535251       465.45
       14.21     0.998047      4536153       512.00
       14.53     0.998145      4536604       538.95
       14.85     0.998242      4537058       568.89
       15.17     0.998340      4537507       602.35
       15.49     0.998437      4537968       640.00
       15.81     0.998535      4538417       682.67
       16.13     0.998633      4538860       731.43
       16.51     0.998730      4539381       787.69
       16.77     0.998828      4539710       853.33
       17.15     0.998926      4540213       930.91
       17.54     0.999023      4540658      1024.00
       17.66     0.999072      4540815      1077.89
       17.92     0.999121      4541060      1137.78
       18.18     0.999170      4541267      1204.71
       18.56     0.999219      4541518      1280.00
       18.94     0.999268      4541695      1365.33
       19.58     0.999316      4541907      1462.86
       20.48     0.999365      4542131      1575.38
       21.50     0.999414      4542365      1706.67
       22.40     0.999463      4542559      1861.82
       23.55     0.999512      4542809      2048.00
       24.06     0.999536      4542922      2155.79
       24.45     0.999561      4543017      2275.56
       24.96     0.999585      4543132      2409.41
       25.47     0.999609      4543253      2560.00
       25.86     0.999634      4543344      2730.67
       26.37     0.999658      4543469      2925.71
       26.88     0.999683      4543585      3150.77
       27.26     0.999707      4543670      3413.33
       27.77     0.999731      4543796      3723.64
       28.29     0.999756      4543904      4096.00
       28.54     0.999768      4543969      4311.58
       28.80     0.999780      4544020      4551.11
       29.05     0.999792      4544083      4818.82
       29.18     0.999805      4544118      5120.00
       29.44     0.999817      4544174      5461.33
       29.70     0.999829      4544232      5851.43
       29.95     0.999841      4544298      6301.54
       30.21     0.999854      4544349      6826.67
       30.46     0.999866      4544417      7447.27
       30.59     0.999878      4544449      8192.00
       30.72     0.999884      4544476      8623.16
       30.98     0.999890      4544530      9102.22
       30.98     0.999896      4544530      9637.65
       31.10     0.999902      4544558     10240.00
       31.23     0.999908      4544589     10922.67
       31.36     0.999915      4544614     11702.86
       31.61     0.999921      4544664     12603.08
       31.74     0.999927      4544697     13653.33
       31.74     0.999933      4544697     14894.55
       32.00     0.999939      4544733     16384.00
       32.13     0.999942      4544757     17246.32
       32.13     0.999945      4544757     18204.44
       32.26     0.999948      4544775     19275.29
       32.38     0.999951      4544790     20480.00
       32.51     0.999954      4544809     21845.33
       32.51     0.999957      4544809     23405.71
       32.64     0.999960      4544826     25206.15
       32.77     0.999963      4544848     27306.67
       32.77     0.999966      4544848     29789.09
       33.02     0.999969      4544871     32768.00
       33.02     0.999971      4544871     34492.63
       33.28     0.999973      4544893     36408.89
       33.28     0.999974      4544893     38550.59
       33.28     0.999976      4544893     40960.00
       33.53     0.999977      4544919     43690.67
       33.53     0.999979      4544919     46811.43
       33.53     0.999980      4544919     50412.31
       33.53     0.999982      4544919     54613.33
       33.79     0.999983      4544927     59578.18
       34.05     0.999985      4544937     65536.00
       34.05     0.999986      4544937     68985.26
       34.30     0.999986      4544946     72817.78
       34.30     0.999987      4544946     77101.18
       34.30     0.999988      4544946     81920.00
       34.56     0.999989      4544954     87381.33
       34.56     0.999989      4544954     93622.86
       34.81     0.999990      4544966    100824.62
       34.81     0.999991      4544966    109226.67
       34.81     0.999992      4544966    119156.36
       34.81     0.999992      4544966    131072.00
       35.07     0.999993      4544972    137970.53
       35.07     0.999993      4544972    145635.56
       35.07     0.999994      4544972    154202.35
       35.33     0.999994      4544978    163840.00
       35.33     0.999994      4544978    174762.67
       35.33     0.999995      4544978    187245.71
       35.33     0.999995      4544978    201649.23
       35.58     0.999995      4544984    218453.33
       35.58     0.999996      4544984    238312.73
       35.58     0.999996      4544984    262144.00
       35.58     0.999996      4544984    275941.05
       35.84     0.999997      4544987    291271.11
       35.84     0.999997      4544987    308404.71
       35.84     0.999997      4544987    327680.00
       35.84     0.999997      4544987    349525.33
       36.09     0.999997      4544990    374491.43
       36.09     0.999998      4544990    403298.46
       36.09     0.999998      4544990    436906.67
      206.85     0.999998      4544993    476625.45
      206.85     0.999998      4544993    524288.00
      206.85     0.999998      4544993    551882.11
      206.85     0.999998      4544993    582542.22
      206.85     0.999998      4544993    616809.41
      207.87     0.999998      4544994    655360.00
      207.87     0.999999      4544994    699050.67
      207.87     0.999999      4544994    748982.86
      209.92     0.999999      4544995    806596.92
      209.92     0.999999      4544995    873813.33
      211.97     0.999999      4544997    953250.91
      211.97     0.999999      4544997   1048576.00
      211.97     0.999999      4544997   1103764.21
      211.97     0.999999      4544997   1165084.44
      211.97     0.999999      4544997   1233618.82
      211.97     0.999999      4544997   1310720.00
      211.97     0.999999      4544997   1398101.33
      211.97     0.999999      4544997   1497965.71
      212.99     0.999999      4545000   1613193.85
      212.99     1.000000      4545000          inf
#[Mean    =        2.871, StdDeviation   =        0.964]
#[Max     =      212.991, Total count    =      4545000]
#[Buckets =           10, SubBuckets     =          256]
