       Value   Percentile   TotalCount 1/(1-Percentile)

        0.07     0.000000            3         1.00
        1.46     0.050000        10867         1.05
        1.49     0.100000        20960         1.11
        1.50     0.150000        32302         1.18
        1.51     0.200000        39386         1.25
        1.52     0.250000        47495         1.33
        1.53     0.300000        56167         1.43
        1.53     0.350000        65528         1.54
        1.54     0.400000        74861         1.67
        1.55     0.450000        84148         1.82
        1.56     0.500000        92773         2.00
        1.57     0.525000       100642         2.11
        1.57     0.550000       100642         2.22
        1.57     0.575000       107666         2.35
        1.58     0.600000       113650         2.50
        1.59     0.625000       118778         2.67
        1.59     0.650000       118778         2.86
        1.60     0.675000       122957         3.08
        1.61     0.700000       129097         3.33
        1.63     0.725000       133233         3.64
        1.66     0.750000       136882         4.00
        1.69     0.762500       138971         4.21
        1.84     0.775000       141054         4.44
        1.93     0.787500       143435         4.71
        1.98     0.800000       146012         5.00
        2.01     0.812500       148289         5.33
        2.03     0.825000       150262         5.71
        2.06     0.837500       153120         6.15
        2.10     0.850000       156310         6.67
        2.11     0.862500       157946         7.27
        2.13     0.875000       159646         8.00
        2.14     0.881250       161328         8.42
        2.16     0.887500       162937         8.89
        2.16     0.893750       162937         9.41
        2.17     0.900000       164405        10.00
        2.19     0.906250       165855        10.67
        2.21     0.912500       167081        11.43
        2.22     0.918750       168174        12.31
        2.24     0.925000       169113        13.33
        2.25     0.931250       169859        14.55
        2.29     0.937500       170946        16.00
        2.30     0.940625       171353        16.84
        2.33     0.943750       171919        17.78
        2.38     0.946875       172334        18.82
        2.73     0.950000       172905        20.00
        2.80     0.953125       173581        21.33
        2.83     0.956250       174240        22.86
        2.85     0.959375       174636        24.62
        2.88     0.962500       175567        26.67
        2.90     0.965625       176126        29.09
        2.91     0.968750       176690        32.00
        2.91     0.970313       176690        33.68
        2.93     0.971875       177276        35.56
        2.93     0.973437       177276        37.65
        2.94     0.975000       177815        40.00
        2.94     0.976562       177815        42.67
        2.96     0.978125       178363        45.71
        2.96     0.979688       178363        49.23
        2.98     0.981250       178843        53.33
        2.99     0.982812       179327        58.18
        2.99     0.984375       179327        64.00
        2.99     0.985156       179327        67.37
        3.01     0.985938       179751        71.11
        3.01     0.986719       179751        75.29
        3.01     0.987500       179751        80.00
        3.02     0.988281       180095        85.33
        3.02     0.989062       180095        91.43
        3.04     0.989844       180420        98.46
        3.04     0.990625       180420       106.67
        3.06     0.991406       180661       116.36
        3.06     0.992188       180661       128.00
        3.06     0.992578       180661       134.74
        3.07     0.992969       180863       142.22
        3.07     0.993359       180863       150.59
        3.07     0.993750       180863       160.00
        3.09     0.994141       181027       170.67
        3.09     0.994531       181027       182.86
        3.10     0.994922       181142       196.92
        3.12     0.995313       181231       213.33
        3.12     0.995703       181231       232.73
        3.15     0.996094       181310       256.00
        3.17     0.996289       181339       269.47
        3.20     0.996484       181365       284.44
        3.34     0.996680       181400       301.18
        3.62     0.996875       181437       320.00
        3.77     0.997070       181468       341.33
        4.01     0.997266       181503       365.71
        4.35     0.997461       181540       393.85
        4.70     0.997656       181574       426.67
        4.99     0.997852       181610       465.45
        5.38     0.998047       181651       512.00
        5.50     0.998145       181664       538.95
        5.63     0.998242       181681       568.89
        5.79     0.998340       181698       602.35
        5.92     0.998437       181716       640.00
        6.21     0.998535       181734       682.67
        6.50     0.998633       181753       731.43
        6.72     0.998730       181769       787.69
        7.13     0.998828       181788       853.33
        7.78     0.998926       181805       930.91
        8.13     0.999023       181825      1024.00
        8.38     0.999072       181835      1077.89
        8.51     0.999121       181845      1137.78
        8.57     0.999170       181849      1204.71
        8.83     0.999219       181860      1280.00
        8.96     0.999268       181869      1365.33
        9.09     0.999316       181876      1462.86
        9.28     0.999365       181887      1575.38
        9.41     0.999414       181895      1706.67
        9.60     0.999463       181904      1861.82
        9.73     0.999512       181913      2048.00
        9.79     0.999536       181916      2155.79
        9.92     0.999561       181922      2275.56
        9.98     0.999585       181926      2409.41
       10.05     0.999609       181929      2560.00
       10.18     0.999634       181936      2730.67
       10.24     0.999658       181941      2925.71
       10.30     0.999683       181943      3150.77
       10.37     0.999707       181947      3413.33
       10.49     0.999731       181956      3723.64
       10.49     0.999756       181956      4096.00
       10.56     0.999768       181959      4311.58
       10.62     0.999780       181962      4551.11
       10.69     0.999792       181963      4818.82
       10.75     0.999805       181968      5120.00
       10.75     0.999817       181968      5461.33
       10.81     0.999829       181972      5851.43
       10.81     0.999841       181972      6301.54
       10.88     0.999854       181976      6826.67
       10.88     0.999866       181976      7447.27
       10.94     0.999878       181979      8192.00
       10.94     0.999884       181979      8623.16
       11.01     0.999890       181983      9102.22
       11.01     0.999896       181983      9637.65
       11.01     0.999902       181983     10240.00
       11.07     0.999908       181986     10922.67
       11.07     0.999915       181986     11702.86
       11.07     0.999921       181986     12603.08
       11.13     0.999927       181989     13653.33
       11.13     0.999933       181989     14894.55
       11.13     0.999939       181989     16384.00
       11.20     0.999942       181991     17246.32
       11.20     0.999945       181991     18204.44
       11.20     0.999948       181991     19275.29
       11.26     0.999951       181994     20480.00
       11.26     0.999954       181994     21845.33
       11.26     0.999957       181994     23405.71
       11.26     0.999960       181994     25206.15
       11.26     0.999963       181994     27306.67
       11.26     0.999966       181994     29789.09
       11.33     0.999969       181995     32768.00
       11.33     0.999971       181995     34492.63
       11.39     0.999973       181997     36408.89
       11.39     0.999974       181997     38550.59
       11.39     0.999976       181997     40960.00
       11.39     0.999977       181997     43690.67
       11.39     0.999979       181997     46811.43
       11.39     0.999980       181997     50412.31
       11.39     0.999982       181997     54613.33
       11.39     0.999983       181997     59578.18
       11.46     0.999985       181998     65536.00
       11.46     0.999986       181998     68985.26
       11.46     0.999986       181998     72817.78
       11.46     0.999987       181998     77101.18
       11.46     0.999988       181998     81920.00
       11.46     0.999989       181998     87381.33
       11.52     0.999989       181999     93622.86
       11.52     0.999990       181999    100824.62
       11.52     0.999991       181999    109226.67
       11.52     0.999992       181999    119156.36
       11.52     0.999992       181999    131072.00
       11.52     0.999993       181999    137970.53
       11.52     0.999993       181999    145635.56
       11.52     0.999994       181999    154202.35
       11.52     0.999994       181999    163840.00
       11.52     0.999994       181999    174762.67
       11.71     0.999995       182000    187245.71
       11.71     1.000000       182000          inf
#[Mean    =        1.714, StdDeviation   =        0.478]
#[Max     =       11.711, Total count    =       182000]
#[Buckets =           10, SubBuckets     =          256]
