       Value   Percentile   TotalCount 1/(1-Percentile)

        0.06     0.000000            3         1.00
        1.46     0.050000       118872         1.05
        1.49     0.100000       232897         1.11
        1.50     0.150000       359813         1.18
        1.51     0.200000       440720         1.25
        1.52     0.250000       530962         1.33
        1.53     0.300000       628679         1.43
        1.53     0.350000       731401         1.54
        1.54     0.400000       835410         1.67
        1.55     0.450000       936834         1.82
        1.56     0.500000      1031292         2.00
        1.57     0.525000      1117535         2.11
        1.57     0.550000      1117535         2.22
        1.57     0.575000      1194006         2.35
        1.58     0.600000      1259169         2.50
        1.58     0.625000      1259169         2.67
        1.59     0.650000      1313312         2.86
        1.60     0.675000      1358273         3.08
        1.61     0.700000      1424323         3.33
        1.63     0.725000      1468866         3.64
        1.66     0.750000      1508160         4.00
        1.68     0.762500      1527417         4.21
        1.82     0.775000      1551072         4.44
        1.92     0.787500      1577132         4.71
        1.97     0.800000      1602792         5.00
        2.00     0.812500      1625984         5.33
        2.03     0.825000      1653386         5.71
        2.06     0.837500      1684810         6.15
        2.08     0.850000      1701700         6.67
        2.11     0.862500      1737514         7.27
        2.13     0.875000      1755942         8.00
        2.14     0.881250      1774101         8.42
        2.16     0.887500      1791717         8.89
        2.16     0.893750      1791717         9.41
        2.17     0.900000      1808336        10.00
        2.19     0.906250      1823728        10.67
        2.21     0.912500      1837363        11.43
        2.22     0.918750      1849172        12.31
        2.24     0.925000      1859376        13.33
        2.25     0.931250      1867788        14.55
        2.29     0.937500      1880245        16.00
        2.30     0.940625      1884569        16.84
        2.32     0.943750      1887811        17.78
        2.38     0.946875      1894680        18.82
        2.70     0.950000      1900516        20.00
        2.78     0.953125      1907034        21.33
        2.83     0.956250      1916168        22.86
        2.85     0.959375      1920411        24.62
        2.86     0.962500      1925281        26.67
        2.90     0.965625      1936718        29.09
        2.91     0.968750      1942865        32.00
        2.91     0.970313      1942865        33.68
        2.93     0.971875      1949205        35.56
        2.93     0.973437      1949205        37.65
        2.94     0.975000      1955350        40.00
        2.94     0.976562      1955350        42.67
        2.96     0.978125      1961283        45.71
        2.96     0.979688      1961283        49.23
        2.98     0.981250      1966948        53.33
        2.98     0.982812      1966948        58.18
        2.99     0.984375      1972206        64.00
        2.99     0.985156      1972206        67.37
        2.99     0.985938      1972206        71.11
        3.01     0.986719      1976871        75.29
        3.01     0.987500      1976871        80.00
        3.01     0.988281      1976871        85.33
        3.02     0.989062      1980851        91.43
        3.02     0.989844      1980851        98.46
        3.04     0.990625      1984211       106.67
        3.04     0.991406      1984211       116.36
        3.06     0.992188      1986816       128.00
        3.06     0.992578      1986816       134.74
        3.06     0.992969      1986816       142.22
        3.06     0.993359      1986816       150.59
        3.07     0.993750      1988932       160.00
        3.07     0.994141      1988932       170.67
        3.09     0.994531      1990584       182.86
        3.09     0.994922      1990584       196.92
        3.10     0.995313      1991815       213.33
        3.10     0.995703      1991815       232.73
        3.12     0.996094      1992766       256.00
        3.12     0.996289      1992766       269.47
        3.13     0.996484      1993384       284.44
        3.13     0.996680      1993384       301.18
        3.15     0.996875      1993822       320.00
        3.18     0.997070      1994340       341.33
        3.21     0.997266      1994608       365.71
        3.33     0.997461      1994947       393.85
        3.52     0.997656      1995331       426.67
        3.73     0.997852      1995716       465.45
        3.94     0.998047      1996109       512.00
        4.05     0.998145      1996293       538.95
        4.19     0.998242      1996507       568.89
        4.35     0.998340      1996717       602.35
        4.48     0.998437      1996884       640.00
        4.61     0.998535      1997072       682.67
        4.77     0.998633      1997304       731.43
        4.89     0.998730      1997485       787.69
        5.05     0.998828      1997695       853.33
        5.18     0.998926      1997871       930.91
        5.31     0.999023      1998056      1024.00
        5.38     0.999072      1998154      1077.89
        5.44     0.999121      1998246      1137.78
        5.54     0.999170      1998372      1204.71
        5.60     0.999219      1998458      1280.00
        5.66     0.999268      1998552      1365.33
        5.76     0.999316      1998675      1462.86
        5.82     0.999365      1998748      1575.38
        5.89     0.999414      1998831      1706.67
        5.98     0.999463      1998944      1861.82
        6.08     0.999512      1999037      2048.00
        6.14     0.999536      1999085      2155.79
        6.21     0.999561      1999139      2275.56
        6.24     0.999585      1999173      2409.41
        6.33     0.999609      1999240      2560.00
        6.40     0.999634      1999281      2730.67
        6.46     0.999658      1999332      2925.71
        6.53     0.999683      1999366      3150.77
        6.59     0.999707      1999418      3413.33
        6.69     0.999731      1999476      3723.64
        6.78     0.999756      1999520      4096.00
        6.85     0.999768      1999551      4311.58
        6.88     0.999780      1999562      4551.11
        6.94     0.999792      1999585      4818.82
        7.01     0.999805      1999610      5120.00
        7.10     0.999817      1999643      5461.33
        7.17     0.999829      1999666      5851.43
        7.26     0.999841      1999686      6301.54
        7.39     0.999854      1999716      6826.67
        7.52     0.999866      1999736      7447.27
        7.68     0.999878      1999762      8192.00
        7.74     0.999884      1999769      8623.16
        7.90     0.999890      1999781      9102.22
        8.06     0.999896      1999795      9637.65
        8.19     0.999902      1999807     10240.00
        8.38     0.999908      1999821     10922.67
        8.51     0.999915      1999835     11702.86
        8.64     0.999921      1999843     12603.08
        8.89     0.999927      1999857     13653.33
        9.02     0.999933      1999868     14894.55
        9.21     0.999939      1999881     16384.00
        9.28     0.999942      1999886     17246.32
        9.41     0.999945      1999894     18204.44
        9.47     0.999948      1999897     19275.29
        9.60     0.999951      1999903     20480.00
        9.73     0.999954      1999913     21845.33
        9.79     0.999957      1999916     23405.71
        9.92     0.999960      1999922     25206.15
       10.05     0.999963      1999929     27306.67
       10.11     0.999966      1999933     29789.09
       10.24     0.999969      1999941     32768.00
       10.30     0.999971      1999943     34492.63
       10.37     0.999973      1999947     36408.89
       10.43     0.999974      1999950     38550.59
       10.49     0.999976      1999956     40960.00
       10.49     0.999977      1999956     43690.67
       10.56     0.999979      1999959     46811.43
       10.62     0.999980      1999962     50412.31
       10.75     0.999982      1999968     54613.33
       10.75     0.999983      1999968     59578.18
       10.81     0.999985      1999972     65536.00
       10.81     0.999986      1999972     68985.26
       10.88     0.999986      1999976     72817.78
       10.88     0.999987      1999976     77101.18
       10.88     0.999988      1999976     81920.00
       10.94     0.999989      1999979     87381.33
       10.94     0.999989      1999979     93622.86
       11.01     0.999990      1999983    100824.62
       11.01     0.999991      1999983    109226.67
       11.07     0.999992      1999986    119156.36
       11.07     0.999992      1999986    131072.00
       11.07     0.999993      1999986    137970.53
       11.13     0.999993      1999989    145635.56
       11.13     0.999994      1999989    154202.35
       11.13     0.999994      1999989    163840.00
       11.13     0.999994      1999989    174762.67
       11.20     0.999995      1999991    187245.71
       11.20     0.999995      1999991    201649.23
       11.20     0.999995      1999991    218453.33
       11.26     0.999996      1999994    238312.73
       11.26     0.999996      1999994    262144.00
       11.26     0.999996      1999994    275941.05
       11.26     0.999997      1999994    291271.11
       11.26     0.999997      1999994    308404.71
       11.26     0.999997      1999994    327680.00
       11.33     0.999997      1999995    349525.33
       11.33     0.999997      1999995    374491.43
       11.39     0.999998      1999997    403298.46
       11.39     0.999998      1999997    436906.67
       11.39     0.999998      1999997    476625.45
       11.39     0.999998      1999997    524288.00
       11.39     0.999998      1999997    551882.11
       11.39     0.999998      1999997    582542.22
       11.39     0.999998      1999997    616809.41
       11.39     0.999998      1999997    655360.00
       11.46     0.999999      1999998    699050.67
       11.46     0.999999      1999998    748982.86
       11.46     0.999999      1999998    806596.92
       11.46     0.999999      1999998    873813.33
       11.46     0.999999      1999998    953250.91
       11.52     0.999999      1999999   1048576.00
       11.52     0.999999      1999999   1103764.21
       11.52     0.999999      1999999   1165084.44
       11.52     0.999999      1999999   1233618.82
       11.52     0.999999      1999999   1310720.00
       11.52     0.999999      1999999   1398101.33
       11.52     0.999999      1999999   1497965.71
       11.52     0.999999      1999999   1613193.85
       11.52     0.999999      1999999   1747626.67
       11.52     0.999999      1999999   1906501.82
       11.71     1.000000      2000000   2097152.00
       11.71     1.000000      2000000          inf
#[Mean    =        1.706, StdDeviation   =        0.409]
#[Max     =       11.711, Total count    =      2000000]
#[Buckets =           10, SubBuckets     =          256]
