       Value   Percentile   TotalCount 1/(1-Percentile)

        0.06     0.000000            3         1.00
        1.46     0.050000       108005         1.05
        1.49     0.100000       211937         1.11
        1.50     0.150000       327511         1.18
        1.51     0.200000       401334         1.25
        1.52     0.250000       483467         1.33
        1.53     0.300000       572512         1.43
        1.53     0.350000       665873         1.54
        1.54     0.400000       760549         1.67
        1.55     0.450000       852686         1.82
        1.56     0.500000       938519         2.00
        1.57     0.525000      1016893         2.11
        1.57     0.550000      1016893         2.22
        1.57     0.575000      1086340         2.35
        1.58     0.600000      1145519         2.50
        1.58     0.625000      1145519         2.67
        1.59     0.650000      1194534         2.86
        1.60     0.675000      1235316         3.08
        1.61     0.700000      1295226         3.33
        1.63     0.725000      1335633         3.64
        1.66     0.750000      1371278         4.00
        1.68     0.762500      1388774         4.21
        1.81     0.775000      1409207         4.44
        1.92     0.787500      1434008         4.71
        1.97     0.800000      1457274         5.00
        2.00     0.812500      1478272         5.33
        2.03     0.825000      1503124         5.71
        2.06     0.837500      1531690         6.15
        2.08     0.850000      1547004         6.67
        2.11     0.862500      1579568         7.27
        2.13     0.875000      1596296         8.00
        2.14     0.881250      1612773         8.42
        2.16     0.887500      1628780         8.89
        2.16     0.893750      1628780         9.41
        2.17     0.900000      1643931        10.00
        2.19     0.906250      1657873        10.67
        2.21     0.912500      1670282        11.43
        2.22     0.918750      1680998        12.31
        2.24     0.925000      1690263        13.33
        2.25     0.931250      1697929        14.55
        2.29     0.937500      1709299        16.00
        2.30     0.940625      1713216        16.84
        2.32     0.943750      1716127        17.78
        2.38     0.946875      1722346        18.82
        2.69     0.950000      1727198        20.00
        2.78     0.953125      1733652        21.33
        2.81     0.956250      1738624        22.86
        2.85     0.959375      1745775        24.62
        2.86     0.962500      1750189        26.67
        2.90     0.965625      1760592        29.09
        2.91     0.968750      1766175        32.00
        2.91     0.970313      1766175        33.68
        2.93     0.971875      1771929        35.56
        2.93     0.973437      1771929        37.65
        2.94     0.975000      1777535        40.00
        2.94     0.976562      1777535        42.67
        2.96     0.978125      1782920        45.71
        2.96     0.979688      1782920        49.23
        2.98     0.981250      1788105        53.33
        2.98     0.982812      1788105        58.18
        2.99     0.984375      1792879        64.00
        2.99     0.985156      1792879        67.37
        2.99     0.985938      1792879        71.11
        3.01     0.986719      1797120        75.29
        3.01     0.987500      1797120        80.00
        3.01     0.988281      1797120        85.33
        3.02     0.989062      1800756        91.43
        3.02     0.989844      1800756        98.46
        3.04     0.990625      1803791       106.67
        3.04     0.991406      1803791       116.36
        3.06     0.992188      1806155       128.00
        3.06     0.992578      1806155       134.74
        3.06     0.992969      1806155       142.22
        3.06     0.993359      1806155       150.59
        3.07     0.993750      1808069       160.00
        3.07     0.994141      1808069       170.67
        3.07     0.994531      1808069       182.86
        3.09     0.994922      1809557       196.92
        3.09     0.995313      1809557       213.33
        3.10     0.995703      1810673       232.73
        3.12     0.996094      1811535       256.00
        3.12     0.996289      1811535       269.47
        3.13     0.996484      1812101       284.44
        3.13     0.996680      1812101       301.18
        3.15     0.996875      1812512       320.00
        3.17     0.997070      1812798       341.33
        3.20     0.997266      1813129       365.71
        3.26     0.997461      1813426       393.85
        3.44     0.997656      1813770       426.67
        3.63     0.997852      1814102       465.45
        3.84     0.998047      1814452       512.00
        3.95     0.998145      1814637       538.95
        4.08     0.998242      1814813       568.89
        4.19     0.998340      1814983       602.35
        4.35     0.998437      1815177       640.00
        4.51     0.998535      1815376       682.67
        4.64     0.998633      1815557       731.43
        4.77     0.998730      1815723       787.69
        4.89     0.998828      1815886       853.33
        5.05     0.998926      1816077       930.91
        5.18     0.999023      1816239      1024.00
        5.25     0.999072      1816319      1077.89
        5.31     0.999121      1816414      1137.78
        5.38     0.999170      1816503      1204.71
        5.44     0.999219      1816588      1280.00
        5.54     0.999268      1816703      1365.33
        5.60     0.999316      1816780      1462.86
        5.66     0.999365      1816868      1575.38
        5.73     0.999414      1816935      1706.67
        5.82     0.999463      1817047      1861.82
        5.89     0.999512      1817123      2048.00
        5.95     0.999536      1817185      2155.79
        5.98     0.999561      1817220      2275.56
        6.01     0.999585      1817247      2409.41
        6.08     0.999609      1817307      2560.00
        6.11     0.999634      1817339      2730.67
        6.17     0.999658      1817382      2925.71
        6.24     0.999683      1817435      3150.77
        6.30     0.999707      1817475      3413.33
        6.37     0.999731      1817517      3723.64
        6.43     0.999756      1817562      4096.00
        6.46     0.999768      1817581      4311.58
        6.53     0.999780      1817611      4551.11
        6.56     0.999792      1817637      4818.82
        6.59     0.999805      1817657      5120.00
        6.62     0.999817      1817674      5461.33
        6.69     0.999829      1817708      5851.43
        6.72     0.999841      1817721      6301.54
        6.78     0.999854      1817749      6826.67
        6.82     0.999866      1817763      7447.27
        6.88     0.999878      1817784      8192.00
        6.91     0.999884      1817800      8623.16
        6.94     0.999890      1817805      9102.22
        6.97     0.999896      1817818      9637.65
        7.01     0.999902      1817827     10240.00
        7.04     0.999908      1817837     10922.67
        7.07     0.999915      1817848     11702.86
        7.10     0.999921      1817857     12603.08
        7.17     0.999927      1817877     13653.33
        7.20     0.999933      1817883     14894.55
        7.23     0.999939      1817891     16384.00
        7.26     0.999942      1817896     17246.32
        7.29     0.999945      1817907     18204.44
        7.29     0.999948      1817907     19275.29
        7.36     0.999951      1817915     20480.00
        7.39     0.999954      1817923     21845.33
        7.39     0.999957      1817923     23405.71
        7.46     0.999960      1817932     25206.15
        7.49     0.999963      1817935     27306.67
        7.52     0.999966      1817941     29789.09
        7.55     0.999969      1817946     32768.00
        7.58     0.999971      1817950     34492.63
        7.62     0.999973      1817952     36408.89
        7.65     0.999974      1817953     38550.59
        7.68     0.999976      1817959     40960.00
        7.68     0.999977      1817959     43690.67
        7.71     0.999979      1817962     46811.43
        7.74     0.999980      1817965     50412.31
        7.84     0.999982      1817968     54613.33
        7.90     0.999983      1817970     59578.18
        8.03     0.999985      1817974     65536.00
        8.03     0.999986      1817974     68985.26
        8.10     0.999986      1817977     72817.78
        8.10     0.999987      1817977     77101.18
        8.19     0.999988      1817980     81920.00
        8.19     0.999989      1817980     87381.33
        8.26     0.999989      1817983     93622.86
        8.26     0.999990      1817983    100824.62
        8.32     0.999991      1817984    109226.67
        8.38     0.999992      1817986    119156.36
        8.45     0.999992      1817988    131072.00
        8.45     0.999993      1817988    137970.53
        8.45     0.999993      1817988    145635.56
        8.51     0.999994      1817990    154202.35
        8.51     0.999994      1817990    163840.00
        8.51     0.999994      1817990    174762.67
        8.77     0.999995      1817991    187245.71
        8.77     0.999995      1817991    201649.23
        8.83     0.999995      1817992    218453.33
        8.89     0.999996      1817993    238312.73
        8.96     0.999996      1817995    262144.00
        8.96     0.999996      1817995    275941.05
        8.96     0.999997      1817995    291271.11
        8.96     0.999997      1817995    308404.71
        8.96     0.999997      1817995    327680.00
        8.96     0.999997      1817995    349525.33
        9.09     0.999997      1817996    374491.43
        9.09     0.999998      1817996    403298.46
        9.09     0.999998      1817996    436906.67
        9.15     0.999998      1817997    476625.45
        9.15     0.999998      1817997    524288.00
        9.15     0.999998      1817997    551882.11
        9.15     0.999998      1817997    582542.22
        9.21     0.999998      1817998    616809.41
        9.21     0.999998      1817998    655360.00
        9.21     0.999999      1817998    699050.67
        9.21     0.999999      1817998    748982.86
        9.21     0.999999      1817998    806596.92
        9.21     0.999999      1817998    873813.33
        9.28     0.999999      1817999    953250.91
        9.28     0.999999      1817999   1048576.00
        9.28     0.999999      1817999   1103764.21
        9.28     0.999999      1817999   1165084.44
        9.28     0.999999      1817999   1233618.82
        9.28     0.999999      1817999   1310720.00
        9.28     0.999999      1817999   1398101.33
        9.28     0.999999      1817999   1497965.71
        9.28     0.999999      1817999   1613193.85
        9.28     0.999999      1817999   1747626.67
        9.73     0.999999      1818000   1906501.82
        9.73     1.000000      1818000          inf
#[Mean    =        1.705, StdDeviation   =        0.402]
#[Max     =        9.727, Total count    =      1818000]
#[Buckets =           10, SubBuckets     =          256]
