       Value   Percentile   TotalCount 1/(1-Percentile)

        0.06     0.000000            2         1.00
        2.96     0.050000       299610         1.05
        2.99     0.100000       493794         1.11
        3.02     0.150000       739366         1.18
        3.06     0.200000      1024310         1.25
        3.07     0.250000      1191845         1.33
        3.09     0.300000      1377249         1.43
        3.10     0.350000      1597444         1.54
        3.12     0.400000      1852470         1.67
        3.13     0.450000      2115697         1.82
        3.15     0.500000      2371679         2.00
        3.17     0.525000      2603080         2.11
        3.17     0.550000      2603080         2.22
        3.18     0.575000      2818641         2.35
        3.18     0.600000      2818641         2.50
        3.20     0.625000      3012218         2.67
        3.20     0.650000      3012218         2.86
        3.21     0.675000      3157174         3.08
        3.23     0.700000      3253106         3.33
        3.25     0.725000      3333179         3.64
        3.26     0.750000      3420185         4.00
        3.28     0.762500      3512327         4.21
        3.29     0.775000      3590947         4.44
        3.29     0.787500      3590947         4.71
        3.31     0.800000      3644289         5.00
        3.33     0.812500      3695185         5.33
        3.34     0.825000      3755302         5.71
        3.36     0.837500      3825527         6.15
        3.38     0.850000      3934318         6.67
        3.38     0.862500      3934318         7.27
        3.39     0.875000      4066255         8.00
        3.39     0.881250      4066255         8.42
        3.39     0.887500      4066255         8.89
        3.39     0.893750      4066255         9.41
        3.41     0.900000      4162900        10.00
        3.41     0.906250      4162900        10.67
        3.41     0.912500      4162900        11.43
        3.42     0.918750      4224591        12.31
        3.42     0.925000      4224591        13.33
        3.44     0.931250      4273096        14.55
        3.44     0.937500      4273096        16.00
        3.46     0.940625      4324149        16.84
        3.46     0.943750      4324149        17.78
        3.46     0.946875      4324149        18.82
        3.46     0.950000      4324149        20.00
        3.47     0.953125      4367488        21.33
        3.47     0.956250      4367488        22.86
        3.47     0.959375      4367488        24.62
        3.49     0.962500      4399129        26.67
        3.49     0.965625      4399129        29.09
        3.50     0.968750      4420061        32.00
        3.50     0.970313      4420061        33.68
        3.50     0.971875      4420061        35.56
        3.52     0.973437      4431380        37.65
        3.52     0.975000      4431380        40.00
        3.55     0.976562      4439968        42.67
        3.66     0.978125      4445902        45.71
        4.05     0.979688      4452753        49.23
        4.19     0.981250      4459936        53.33
        4.45     0.982812      4467809        58.18
        4.54     0.984375      4478076        64.00
        4.54     0.985156      4478076        67.37
        4.58     0.985938      4482076        71.11
        4.61     0.986719      4486826        75.29
        4.64     0.987500      4491836        80.00
        4.64     0.988281      4491836        85.33
        4.67     0.989062      4500468        91.43
        4.67     0.989844      4500468        98.46
        4.70     0.990625      4507911       106.67
        4.70     0.991406      4507911       116.36
        4.74     0.992188      4511560       128.00
        4.74     0.992578      4511560       134.74
        4.77     0.992969      4513740       142.22
        4.83     0.993359      4515220       150.59
        5.05     0.993750      4516649       160.00
        5.54     0.994141      4518414       170.67
        6.30     0.994531      4520167       182.86
        7.26     0.994922      4521922       196.92
        8.32     0.995313      4523791       213.33
        9.28     0.995703      4525494       232.73
       10.30     0.996094      4527309       256.00
       10.81     0.996289      4528189       269.47
       11.33     0.996484      4529110       284.44
       11.78     0.996680      4530012       301.18
       12.16     0.996875      4530909       320.00
       12.48     0.997070      4531781       341.33
       12.86     0.997266      4532637       365.71
       13.38     0.997461      4533483       393.85
       13.95     0.997656      4534436       426.67
       14.46     0.997852      4535293       465.45
       14.97     0.998047      4536189       512.00
       15.23     0.998145      4536608       538.95
       15.49     0.998242      4537045       568.89
       15.74     0.998340      4537514       602.35
       16.00     0.998437      4537925       640.00
       16.25     0.998535      4538350       682.67
       16.64     0.998633      4538956       731.43
       16.89     0.998730      4539329       787.69
       17.15     0.998828      4539724       853.33
       17.54     0.998926      4540238       930.91
       17.79     0.999023      4540574      1024.00
       18.05     0.999072      4540897      1077.89
       18.18     0.999121      4541026      1137.78
       18.43     0.999170      4541270      1204.71
       18.82     0.999219      4541522      1280.00
       19.20     0.999268      4541711      1365.33
       19.84     0.999316      4541913      1462.86
       20.73     0.999365      4542135      1575.38
       21.76     0.999414      4542356      1706.67
       22.66     0.999463      4542564      1861.82
       23.68     0.999512      4542794      2048.00
       24.19     0.999536      4542914      2155.79
       24.70     0.999561      4543046      2275.56
       25.09     0.999585      4543124      2409.41
       25.60     0.999609      4543249      2560.00
       26.11     0.999634      4543361      2730.67
       26.62     0.999658      4543479      2925.71
       27.01     0.999683      4543565      3150.77
       27.52     0.999707      4543671      3413.33
       28.16     0.999731      4543810      3723.64
       28.54     0.999756      4543892      4096.00
       28.80     0.999768      4543954      4311.58
       29.05     0.999780      4544004      4551.11
       29.31     0.999792      4544061      4818.82
       29.57     0.999805      4544120      5120.00
       29.82     0.999817      4544169      5461.33
       30.08     0.999829      4544234      5851.43
       30.34     0.999841      4544287      6301.54
       30.59     0.999854      4544342      6826.67
       30.85     0.999866      4544403      7447.27
       31.10     0.999878      4544462      8192.00
       31.23     0.999884      4544485      8623.16
       31.36     0.999890      4544512      9102.22
       31.49     0.999896      4544541      9637.65
       31.61     0.999902      4544563     10240.00
       31.74     0.999908      4544593     10922.67
       31.87     0.999915      4544616     11702.86
       32.00     0.999921      4544642     12603.08
       32.26     0.999927      4544687     13653.33
       32.38     0.999933      4544715     14894.55
       32.51     0.999939      4544734     16384.00
       32.64     0.999942      4544757     17246.32
       32.64     0.999945      4544757     18204.44
       32.77     0.999948      4544774     19275.29
       33.02     0.999951      4544810     20480.00
       33.02     0.999954      4544810     21845.33
       33.02     0.999957      4544810     23405.71
       33.28     0.999960      4544846     25206.15
       33.28     0.999963      4544846     27306.67
       33.53     0.999966      4544870     29789.09
       33.53     0.999969      4544870     32768.00
       33.53     0.999971      4544870     34492.63
       33.79     0.999973      4544890     36408.89
       33.79     0.999974      4544890     38550.59
       33.79     0.999976      4544890     40960.00
       34.05     0.999977      4544910     43690.67
       34.05     0.999979      4544910     46811.43
       34.05     0.999980      4544910     50412.31
       34.30     0.999982      4544925     54613.33
       34.30     0.999983      4544925     59578.18
       34.56     0.999985      4544942     65536.00
       34.56     0.999986      4544942     68985.26
       34.56     0.999986      4544942     72817.78
       34.56     0.999987      4544942     77101.18
       34.81     0.999988      4544957     81920.00
       34.81     0.999989      4544957     87381.33
       34.81     0.999989      4544957     93622.86
       34.81     0.999990      4544957    100824.62
       35.07     0.999991      4544967    109226.67
       35.07     0.999992      4544967    119156.36
       35.07     0.999992      4544967    131072.00
       35.33     0.999993      4544979    137970.53
       35.33     0.999993      4544979    145635.56
       35.33     0.999994      4544979    154202.35
       35.33     0.999994      4544979    163840.00
       35.33     0.999994      4544979    174762.67
       35.33     0.999995      4544979    187245.71
       35.33     0.999995      4544979    201649.23
       35.58     0.999995      4544987    218453.33
       35.58     0.999996      4544987    238312.73
       35.58     0.999996      4544987    262144.00
       35.58     0.999996      4544987    275941.05
       35.58     0.999997      4544987    291271.11
       35.58     0.999997      4544987    308404.71
       35.58     0.999997      4544987    327680.00
       35.58     0.999997      4544987    349525.33
       35.84     0.999997      4544988    374491.43
       36.09     0.999998      4544991    403298.46
       36.09     0.999998      4544991    436906.67
       36.09     0.999998      4544991    476625.45
       36.35     0.999998      4544992    524288.00
       36.35     0.999998      4544992    551882.11
       36.61     0.999998      4544993    582542.22
       36.61     0.999998      4544993    616809.41
      212.99     0.999998      4545000    655360.00
      212.99     1.000000      4545000          inf
#[Mean    =        3.230, StdDeviation   =        0.993]
#[Max     =      212.991, Total count    =      4545000]
#[Buckets =           10, SubBuckets     =          256]
