       Value   Percentile   TotalCount 1/(1-Percentile)

        0.06     0.000000            2         1.00
        2.96     0.050000       330557         1.05
        2.99     0.100000       543141         1.11
        3.02     0.150000       813873         1.18
        3.06     0.200000      1126853         1.25
        3.07     0.250000      1311078         1.33
        3.09     0.300000      1514846         1.43
        3.10     0.350000      1756704         1.54
        3.12     0.400000      2037153         1.67
        3.13     0.450000      2326346         1.82
        3.15     0.500000      2608089         2.00
        3.17     0.525000      2863508         2.11
        3.17     0.550000      2863508         2.22
        3.18     0.575000      3100653         2.35
        3.18     0.600000      3100653         2.50
        3.20     0.625000      3313210         2.67
        3.20     0.650000      3313210         2.86
        3.21     0.675000      3472961         3.08
        3.23     0.700000      3578785         3.33
        3.25     0.725000      3666726         3.64
        3.26     0.750000      3762134         4.00
        3.28     0.762500      3863509         4.21
        3.29     0.775000      3950253         4.44
        3.29     0.787500      3950253         4.71
        3.31     0.800000      4009009         5.00
        3.33     0.812500      4064873         5.33
        3.34     0.825000      4131084         5.71
        3.36     0.837500      4208356         6.15
        3.38     0.850000      4327748         6.67
        3.38     0.862500      4327748         7.27
        3.39     0.875000      4472634         8.00
        3.39     0.881250      4472634         8.42
        3.39     0.887500      4472634         8.89
        3.39     0.893750      4472634         9.41
        3.41     0.900000      4579317        10.00
        3.41     0.906250      4579317        10.67
        3.41     0.912500      4579317        11.43
        3.42     0.918750      4647413        12.31
        3.42     0.925000      4647413        13.33
        3.44     0.931250      4701000        14.55
        3.44     0.937500      4701000        16.00
        3.46     0.940625      4756967        16.84
        3.46     0.943750      4756967        17.78
        3.46     0.946875      4756967        18.82
        3.46     0.950000      4756967        20.00
        3.47     0.953125      4804474        21.33
        3.47     0.956250      4804474        22.86
        3.47     0.959375      4804474        24.62
        3.49     0.962500      4839193        26.67
        3.49     0.965625      4839193        29.09
        3.50     0.968750      4862361        32.00
        3.50     0.970313      4862361        33.68
        3.50     0.971875      4862361        35.56
        3.52     0.973437      4874926        37.65
        3.54     0.975000      4881353        40.00
        3.55     0.976562      4884514        42.67
        3.65     0.978125      4890650        45.71
        4.01     0.979688      4898662        49.23
        4.16     0.981250      4906447        53.33
        4.45     0.982812      4915365        58.18
        4.54     0.984375      4926627        64.00
        4.54     0.985156      4926627        67.37
        4.58     0.985938      4930930        71.11
        4.61     0.986719      4935948        75.29
        4.64     0.987500      4941470        80.00
        4.64     0.988281      4941470        85.33
        4.67     0.989062      4950974        91.43
        4.67     0.989844      4950974        98.46
        4.70     0.990625      4959070       106.67
        4.70     0.991406      4959070       116.36
        4.74     0.992188      4963202       128.00
        4.74     0.992578      4963202       134.74
        4.77     0.992969      4965692       142.22
        4.83     0.993359      4967408       150.59
        5.02     0.993750      4968810       160.00
        5.47     0.994141      4970745       170.67
        6.24     0.994531      4972694       182.86
        7.17     0.994922      4974626       196.92
        8.16     0.995313      4976593       213.33
        9.15     0.995703      4978539       232.73
       10.18     0.996094      4980522       256.00
       10.69     0.996289      4981509       269.47
       11.20     0.996484      4982505       284.44
       11.65     0.996680      4983466       301.18
       12.10     0.996875      4984510       320.00
       12.41     0.997070      4985362       341.33
       12.80     0.997266      4986422       365.71
       13.31     0.997461      4987319       393.85
       13.89     0.997656      4988381       426.67
       14.40     0.997852      4989308       465.45
       14.91     0.998047      4990256       512.00
       15.17     0.998145      4990723       538.95
       15.42     0.998242      4991220       568.89
       15.68     0.998340      4991735       602.35
       16.00     0.998437      4992291       640.00
       16.25     0.998535      4992743       682.67
       16.51     0.998633      4993192       731.43
       16.89     0.998730      4993805       787.69
       17.15     0.998828      4994238       853.33
       17.54     0.998926      4994804       930.91
       17.79     0.999023      4995170      1024.00
       18.05     0.999072      4995516      1077.89
       18.18     0.999121      4995656      1137.78
       18.43     0.999170      4995922      1204.71
       18.69     0.999219      4996110      1280.00
       19.07     0.999268      4996341      1365.33
       19.84     0.999316      4996613      1462.86
       20.73     0.999365      4996853      1575.38
       21.76     0.999414      4997092      1706.67
       22.66     0.999463      4997319      1861.82
       23.68     0.999512      4997579      2048.00
       24.06     0.999536      4997684      2155.79
       24.57     0.999561      4997810      2275.56
       25.09     0.999585      4997943      2409.41
       25.47     0.999609      4998052      2560.00
       25.98     0.999634      4998174      2730.67
       26.50     0.999658      4998295      2925.71
       27.01     0.999683      4998425      3150.77
       27.52     0.999707      4998541      3413.33
       28.03     0.999731      4998660      3723.64
       28.54     0.999756      4998786      4096.00
       28.80     0.999768      4998851      4311.58
       29.05     0.999780      4998910      4551.11
       29.31     0.999792      4998971      4818.82
       29.57     0.999805      4999033      5120.00
       29.82     0.999817      4999088      5461.33
       30.08     0.999829      4999157      5851.43
       30.34     0.999841      4999216      6301.54
       30.59     0.999854      4999275      6826.67
       30.85     0.999866      4999344      7447.27
       31.10     0.999878      4999406      8192.00
       31.23     0.999884      4999434      8623.16
       31.36     0.999890      4999464      9102.22
       31.49     0.999896      4999495      9637.65
       31.61     0.999902      4999518     10240.00
       31.74     0.999908      4999550     10922.67
       31.87     0.999915      4999575     11702.86
       32.00     0.999921      4999604     12603.08
       32.26     0.999927      4999654     13653.33
       32.38     0.999933      4999683     14894.55
       32.51     0.999939      4999703     16384.00
       32.64     0.999942      4999728     17246.32
       32.64     0.999945      4999728     18204.44
       32.77     0.999948      4999750     19275.29
       33.02     0.999951      4999792     20480.00
       33.02     0.999954      4999792     21845.33
       33.02     0.999957      4999792     23405.71
       33.28     0.999960      4999832     25206.15
       33.28     0.999963      4999832     27306.67
       33.53     0.999966      4999857     29789.09
       33.53     0.999969      4999857     32768.00
       33.53     0.999971      4999857     34492.63
       33.79     0.999973      4999879     36408.89
       33.79     0.999974      4999879     38550.59
       33.79     0.999976      4999879     40960.00
       34.05     0.999977      4999901     43690.67
       34.05     0.999979      4999901     46811.43
       34.05     0.999980      4999901     50412.31
       34.30     0.999982      4999917     54613.33
       34.30     0.999983      4999917     59578.18
       34.56     0.999985      4999936     65536.00
       34.56     0.999986      4999936     68985.26
       34.56     0.999986      4999936     72817.78
       34.56     0.999987      4999936     77101.18
       34.81     0.999988      4999953     81920.00
       34.81     0.999989      4999953     87381.33
       34.81     0.999989      4999953     93622.86
       34.81     0.999990      4999953    100824.62
       35.07     0.999991      4999964    109226.67
       35.07     0.999992      4999964    119156.36
       35.07     0.999992      4999964    131072.00
       35.07     0.999993      4999964    137970.53
       35.33     0.999993      4999976    145635.56
       35.33     0.999994      4999976    154202.35
       35.33     0.999994      4999976    163840.00
       35.33     0.999994      4999976    174762.67
       35.33     0.999995      4999976    187245.71
       35.33     0.999995      4999976    201649.23
       35.58     0.999995      4999985    218453.33
       35.58     0.999996      4999985    238312.73
       35.58     0.999996      4999985    262144.00
       35.58     0.999996      4999985    275941.05
       35.58     0.999997      4999985    291271.11
       35.58     0.999997      4999985    308404.71
       35.58     0.999997      4999985    327680.00
       35.84     0.999997      4999987    349525.33
       35.84     0.999997      4999987    374491.43
       36.09     0.999998      4999991    403298.46
       36.09     0.999998      4999991    436906.67
       36.09     0.999998      4999991    476625.45
       36.09     0.999998      4999991    524288.00
       36.09     0.999998      4999991    551882.11
       36.35     0.999998      4999992    582542.22
       36.35     0.999998      4999992    616809.41
       36.61     0.999998      4999993    655360.00
       36.61     0.999999      4999993    699050.67
      212.99     0.999999      5000000    748982.86
      212.99     1.000000      5000000          inf
#[Mean    =        3.229, StdDeviation   =        0.987]
#[Max     =      212.991, Total count    =      5000000]
#[Buckets =           10, SubBuckets     =          256]
