       Value   Percentile   TotalCount 1/(1-Percentile)

        0.06     0.000000            3         1.00
        2.96     0.050000        30947         1.05
        2.99     0.100000        49347         1.11
        3.02     0.150000        74507         1.18
        3.06     0.200000       102543         1.25
        3.07     0.250000       119233         1.33
        3.09     0.300000       137597         1.43
        3.10     0.350000       159260         1.54
        3.12     0.400000       184683         1.67
        3.13     0.450000       210649         1.82
        3.15     0.500000       236410         2.00
        3.17     0.525000       260428         2.11
        3.17     0.550000       260428         2.22
        3.18     0.575000       282012         2.35
        3.18     0.600000       282012         2.50
        3.20     0.625000       300992         2.67
        3.20     0.650000       300992         2.86
        3.21     0.675000       315787         3.08
        3.23     0.700000       325679         3.33
        3.25     0.725000       333547         3.64
        3.26     0.750000       341949         4.00
        3.28     0.762500       351182         4.21
        3.29     0.775000       359306         4.44
        3.29     0.787500       359306         4.71
        3.31     0.800000       364720         5.00
        3.33     0.812500       369688         5.33
        3.34     0.825000       375782         5.71
        3.36     0.837500       382829         6.15
        3.38     0.850000       393430         6.67
        3.38     0.862500       393430         7.27
        3.39     0.875000       406379         8.00
        3.39     0.881250       406379         8.42
        3.39     0.887500       406379         8.89
        3.41     0.893750       416417         9.41
        3.41     0.900000       416417        10.00
        3.41     0.906250       416417        10.67
        3.41     0.912500       416417        11.43
        3.42     0.918750       422822        12.31
        3.42     0.925000       422822        13.33
        3.44     0.931250       427904        14.55
        3.44     0.937500       427904        16.00
        3.46     0.940625       432818        16.84
        3.46     0.943750       432818        17.78
        3.46     0.946875       432818        18.82
        3.46     0.950000       432818        20.00
        3.47     0.953125       436986        21.33
        3.47     0.956250       436986        22.86
        3.47     0.959375       436986        24.62
        3.49     0.962500       440064        26.67
        3.49     0.965625       440064        29.09
        3.50     0.968750       442300        32.00
        3.50     0.970313       442300        33.68
        3.50     0.971875       442300        35.56
        3.52     0.973437       443546        37.65
        3.54     0.975000       444242        40.00
        3.55     0.976562       444546        42.67
        3.63     0.978125       445078        45.71
        3.82     0.979688       445835        49.23
        4.03     0.981250       446478        53.33
        4.35     0.982812       447183        58.18
        4.51     0.984375       448094        64.00
        4.54     0.985156       448551        67.37
        4.58     0.985938       448854        71.11
        4.61     0.986719       449122        75.29
        4.64     0.987500       449634        80.00
        4.67     0.988281       450506        85.33
        4.67     0.989062       450506        91.43
        4.67     0.989844       450506        98.46
        4.70     0.990625       451159       106.67
        4.70     0.991406       451159       116.36
        4.74     0.992188       451642       128.00
        4.74     0.992578       451642       134.74
        4.77     0.992969       451952       142.22
        4.80     0.993359       452119       150.59
        4.83     0.993750       452188       160.00
        5.12     0.994141       452339       170.67
        5.60     0.994531       452519       182.86
        6.40     0.994922       452692       196.92
        7.20     0.995313       452873       213.33
        8.03     0.995703       453047       232.73
        9.02     0.996094       453229       256.00
        9.47     0.996289       453325       269.47
        9.92     0.996484       453407       284.44
       10.43     0.996680       453491       301.18
       10.94     0.996875       453588       320.00
       11.46     0.997070       453678       341.33
       12.10     0.997266       453758       365.71
       12.61     0.997461       453848       393.85
       13.18     0.997656       453941       426.67
       13.82     0.997852       454032       465.45
       14.40     0.998047       454118       512.00
       14.72     0.998145       454164       538.95
       14.97     0.998242       454206       568.89
       15.23     0.998340       454251       602.35
       15.49     0.998437       454291       640.00
       15.81     0.998535       454343       682.67
       16.13     0.998633       454379       731.43
       16.51     0.998730       454427       787.69
       16.89     0.998828       454476       853.33
       17.15     0.998926       454514       930.91
       17.54     0.999023       454566      1024.00
       17.79     0.999072       454596      1077.89
       17.92     0.999121       454610      1137.78
       18.18     0.999170       454630      1204.71
       18.43     0.999219       454652      1280.00
       18.82     0.999268       454667      1365.33
       19.58     0.999316       454695      1462.86
       20.61     0.999365       454717      1575.38
       21.63     0.999414       454734      1706.67
       22.78     0.999463       454757      1861.82
       23.55     0.999512       454783      2048.00
       23.93     0.999536       454791      2155.79
       24.32     0.999561       454802      2275.56
       24.83     0.999585       454814      2409.41
       25.21     0.999609       454823      2560.00
       25.60     0.999634       454834      2730.67
       26.11     0.999658       454845      2925.71
       26.88     0.999683       454856      3150.77
       27.39     0.999707       454868      3413.33
       27.90     0.999731       454880      3723.64
       28.41     0.999756       454892      4096.00
       28.67     0.999768       454895      4311.58
       29.05     0.999780       454906      4551.11
       29.05     0.999792       454906      4818.82
       29.44     0.999805       454912      5120.00
       29.82     0.999817       454919      5461.33
       30.08     0.999829       454923      5851.43
       30.21     0.999841       454928      6301.54
       30.72     0.999854       454938      6826.67
       30.85     0.999866       454941      7447.27
       31.23     0.999878       454949      8192.00
       31.23     0.999884       454949      8623.16
       31.36     0.999890       454952      9102.22
       31.49     0.999896       454954      9637.65
       31.74     0.999902       454957     10240.00
       31.87     0.999908       454959     10922.67
       32.00     0.999915       454962     11702.86
       32.13     0.999921       454964     12603.08
       32.26     0.999927       454967     13653.33
       32.64     0.999933       454971     14894.55
       32.77     0.999939       454976     16384.00
       32.77     0.999942       454976     17246.32
       32.77     0.999945       454976     18204.44
       33.02     0.999948       454982     19275.29
       33.02     0.999951       454982     20480.00
       33.02     0.999954       454982     21845.33
       33.02     0.999957       454982     23405.71
       33.02     0.999960       454982     25206.15
       33.28     0.999963       454986     27306.67
       33.28     0.999966       454986     29789.09
       33.53     0.999969       454987     32768.00
       33.53     0.999971       454987     34492.63
       33.79     0.999973       454989     36408.89
       33.79     0.999974       454989     38550.59
       33.79     0.999976       454989     40960.00
       34.05     0.999977       454991     43690.67
       34.05     0.999979       454991     46811.43
       34.05     0.999980       454991     50412.31
       34.30     0.999982       454992     54613.33
       34.56     0.999983       454994     59578.18
       34.56     0.999985       454994     65536.00
       34.56     0.999986       454994     68985.26
       34.56     0.999986       454994     72817.78
       34.81     0.999987       454996     77101.18
       34.81     0.999988       454996     81920.00
       34.81     0.999989       454996     87381.33
       34.81     0.999989       454996     93622.86
       34.81     0.999990       454996    100824.62
       34.81     0.999991       454996    109226.67
       35.07     0.999992       454997    119156.36
       35.07     0.999992       454997    131072.00
       35.07     0.999993       454997    137970.53
       35.07     0.999993       454997    145635.56
       35.58     0.999994       454998    154202.35
       35.58     0.999994       454998    163840.00
       35.58     0.999994       454998    174762.67
       35.58     0.999995       454998    187245.71
       35.58     0.999995       454998    201649.23
       35.58     0.999995       454998    218453.33
       35.84     0.999996       454999    238312.73
       35.84     0.999996       454999    262144.00
       35.84     0.999996       454999    275941.05
       35.84     0.999997       454999    291271.11
       35.84     0.999997       454999    308404.71
       35.84     0.999997       454999    327680.00
       35.84     0.999997       454999    349525.33
       35.84     0.999997       454999    374491.43
       35.84     0.999998       454999    403298.46
       35.84     0.999998       454999    436906.67
       36.09     0.999998       455000    476625.45
       36.09     1.000000       455000          inf
#[Mean    =        3.223, StdDeviation   =        0.923]
#[Max     =       36.095, Total count    =       455000]
#[Buckets =           10, SubBuckets     =          256]
