       Value   Percentile   TotalCount 1/(1-Percentile)

        0.06     0.000000            1         1.00
        1.33     0.050000        95657         1.05
        1.37     0.100000       221274         1.11
        1.38     0.150000       326637         1.18
        1.39     0.200000       390509         1.25
        1.40     0.250000       460668         1.33
        1.42     0.300000       616669         1.43
        1.42     0.350000       697531         1.54
        1.43     0.400000       778135         1.67
        1.44     0.450000       854814         1.82
        1.45     0.500000       924471         2.00
        1.46     0.525000       987664         2.11
        1.46     0.550000      1042900         2.22
        1.47     0.575000      1091421         2.35
        1.47     0.600000      1091421         2.50
        1.49     0.625000      1168197         2.67
        1.50     0.650000      1197466         2.86
        1.51     0.675000      1241970         3.08
        1.53     0.700000      1282094         3.33
        1.61     0.725000      1318650         3.64
        1.74     0.750000      1365124         4.00
        1.77     0.762500      1387356         4.21
        1.80     0.775000      1414916         4.44
        1.82     0.787500      1438444         4.71
        1.84     0.800000      1455475         5.00
        1.86     0.812500      1482545         5.33
        1.88     0.825000      1501551         5.71
        1.90     0.837500      1531116         6.15
        1.92     0.850000      1550738         6.67
        1.94     0.862500      1570729         7.27
        1.96     0.875000      1600422         8.00
        1.97     0.881250      1610013         8.42
        1.98     0.887500      1619480         8.89
        1.98     0.893750      1628533         9.41
        1.99     0.900000      1637354        10.00
        2.01     0.906250      1654400        10.67
        2.02     0.912500      1662233        11.43
        2.03     0.918750      1677203        12.31
        2.04     0.925000      1684084        13.33
        2.06     0.931250      1701739        14.55
        2.08     0.937500      1711501        16.00
        2.08     0.940625      1711501        16.84
        2.10     0.943750      1719556        17.78
        2.11     0.946875      1726074        18.82
        2.13     0.950000      1731382        20.00
        2.14     0.953125      1735634        21.33
        2.16     0.956250      1738780        22.86
        2.21     0.959375      1744272        24.62
        2.48     0.962500      1750683        26.67
        2.54     0.965625      1757860        29.09
        2.58     0.968750      1764061        32.00
        2.58     0.970313      1764061        33.68
        2.59     0.971875      1767694        35.56
        2.61     0.973437      1771669        37.65
        2.62     0.975000      1775833        40.00
        2.62     0.976562      1775833        42.67
        2.64     0.978125      1780230        45.71
        2.65     0.979688      1784767        49.23
        2.65     0.981250      1784767        53.33
        2.67     0.982812      1789036        58.18
        2.69     0.984375      1793075        64.00
        2.69     0.985156      1793075        67.37
        2.69     0.985938      1793075        71.11
        2.70     0.986719      1796842        75.29
        2.70     0.987500      1796842        80.00
        2.70     0.988281      1796842        85.33
        2.72     0.989062      1800227        91.43
        2.72     0.989844      1800227        98.46
        2.73     0.990625      1803184       106.67
        2.73     0.991406      1803184       116.36
        2.75     0.992188      1805725       128.00
        2.75     0.992578      1805725       134.74
        2.75     0.992969      1805725       142.22
        2.77     0.993359      1807797       150.59
        2.77     0.993750      1807797       160.00
        2.77     0.994141      1807797       170.67
        2.78     0.994531      1809517       182.86
        2.78     0.994922      1809517       196.92
        2.78     0.995313      1809517       213.33
        2.80     0.995703      1810823       232.73
        2.81     0.996094      1811874       256.00
        2.81     0.996289      1811874       269.47
        2.81     0.996484      1811874       284.44
        2.83     0.996680      1812601       301.18
        2.83     0.996875      1812601       320.00
        2.85     0.997070      1813128       341.33
        2.85     0.997266      1813128       365.71
        2.86     0.997461      1813489       393.85
        2.90     0.997656      1813900       426.67
        2.93     0.997852      1814099       465.45
        3.17     0.998047      1814450       512.00
        3.33     0.998145      1814647       538.95
        3.49     0.998242      1814813       568.89
        3.65     0.998340      1814991       602.35
        3.81     0.998437      1815164       640.00
        3.97     0.998535      1815349       682.67
        4.13     0.998633      1815545       731.43
        4.29     0.998730      1815716       787.69
        4.45     0.998828      1815903       853.33
        4.61     0.998926      1816077       930.91
        4.77     0.999023      1816246      1024.00
        4.83     0.999072      1816318      1077.89
        4.93     0.999121      1816415      1137.78
        4.99     0.999170      1816491      1204.71
        5.09     0.999219      1816605      1280.00
        5.15     0.999268      1816676      1365.33
        5.25     0.999316      1816781      1462.86
        5.34     0.999365      1816876      1575.38
        5.41     0.999414      1816947      1706.67
        5.50     0.999463      1817050      1861.82
        5.60     0.999512      1817139      2048.00
        5.63     0.999536      1817172      2155.79
        5.70     0.999561      1817232      2275.56
        5.73     0.999585      1817260      2409.41
        5.79     0.999609      1817330      2560.00
        5.82     0.999634      1817352      2730.67
        5.86     0.999658      1817380      2925.71
        5.92     0.999683      1817449      3150.77
        5.95     0.999707      1817471      3413.33
        6.01     0.999731      1817522      3723.64
        6.08     0.999756      1817566      4096.00
        6.11     0.999768      1817584      4311.58
        6.14     0.999780      1817606      4551.11
        6.17     0.999792      1817632      4818.82
        6.21     0.999805      1817647      5120.00
        6.27     0.999817      1817681      5461.33
        6.30     0.999829      1817702      5851.43
        6.33     0.999841      1817716      6301.54
        6.40     0.999854      1817739      6826.67
        6.46     0.999866      1817768      7447.27
        6.50     0.999878      1817784      8192.00
        6.53     0.999884      1817799      8623.16
        6.56     0.999890      1817805      9102.22
        6.59     0.999896      1817817      9637.65
        6.62     0.999902      1817828     10240.00
        6.66     0.999908      1817837     10922.67
        6.69     0.999915      1817846     11702.86
        6.72     0.999921      1817856     12603.08
        6.75     0.999927      1817867     13653.33
        6.78     0.999933      1817878     14894.55
        6.85     0.999939      1817898     16384.00
        6.85     0.999942      1817898     17246.32
        6.88     0.999945      1817908     18204.44
        6.88     0.999948      1817908     19275.29
        6.91     0.999951      1817919     20480.00
        6.91     0.999954      1817919     21845.33
        6.94     0.999957      1817927     23405.71
        6.97     0.999960      1817936     25206.15
        6.97     0.999963      1817936     27306.67
        7.01     0.999966      1817944     29789.09
        7.04     0.999969      1817950     32768.00
        7.04     0.999971      1817950     34492.63
        7.07     0.999973      1817956     36408.89
        7.07     0.999974      1817956     38550.59
        7.07     0.999976      1817956     40960.00
        7.10     0.999977      1817960     43690.67
        7.13     0.999979      1817966     46811.43
        7.13     0.999980      1817966     50412.31
        7.17     0.999982      1817969     54613.33
        7.20     0.999983      1817971     59578.18
        7.23     0.999985      1817976     65536.00
        7.23     0.999986      1817976     68985.26
        7.23     0.999986      1817976     72817.78
        7.26     0.999987      1817977     77101.18
        7.29     0.999988      1817980     81920.00
        7.29     0.999989      1817980     87381.33
        7.36     0.999989      1817983     93622.86
        7.36     0.999990      1817983    100824.62
        7.39     0.999991      1817985    109226.67
        7.39     0.999992      1817985    119156.36
        7.42     0.999992      1817988    131072.00
        7.42     0.999993      1817988    137970.53
        7.42     0.999993      1817988    145635.56
        7.49     0.999994      1817990    154202.35
        7.49     0.999994      1817990    163840.00
        7.49     0.999994      1817990    174762.67
        7.52     0.999995      1817992    187245.71
        7.52     0.999995      1817992    201649.23
        7.52     0.999995      1817992    218453.33
        7.55     0.999996      1817994    238312.73
        7.55     0.999996      1817994    262144.00
        7.55     0.999996      1817994    275941.05
        7.55     0.999997      1817994    291271.11
        7.58     0.999997      1817995    308404.71
        7.58     0.999997      1817995    327680.00
        7.58     0.999997      1817995    349525.33
        7.68     0.999997      1817996    374491.43
        7.68     0.999998      1817996    403298.46
        7.68     0.999998      1817996    436906.67
        7.78     0.999998      1817997    476625.45
        7.78     0.999998      1817997    524288.00
        7.78     0.999998      1817997    551882.11
        7.78     0.999998      1817997    582542.22
        7.93     0.999998      1817999    616809.41
        7.93     0.999998      1817999    655360.00
        7.93     0.999999      1817999    699050.67
        7.93     0.999999      1817999    748982.86
        7.93     0.999999      1817999    806596.92
        7.93     0.999999      1817999    873813.33
        7.93     0.999999      1817999    953250.91
        7.93     0.999999      1817999   1048576.00
        7.93     0.999999      1817999   1103764.21
        7.93     0.999999      1817999   1165084.44
        7.93     0.999999      1817999   1233618.82
        7.93     0.999999      1817999   1310720.00
        7.93     0.999999      1817999   1398101.33
        7.93     0.999999      1817999   1497965.71
        7.93     0.999999      1817999   1613193.85
        7.93     0.999999      1817999   1747626.67
        8.06     0.999999      1818000   1906501.82
        8.06     1.000000      1818000          inf
#[Mean    =        1.582, StdDeviation   =        0.344]
#[Max     =        8.063, Total count    =      1818000]
#[Buckets =           10, SubBuckets     =          256]
