       Value   Percentile   TotalCount 1/(1-Percentile)

        0.06     0.000000            1         1.00
        1.33     0.050000         9231         1.05
        1.37     0.100000        21565         1.11
        1.38     0.150000        31826         1.18
        1.39     0.200000        38112         1.25
        1.41     0.250000        52649         1.33
        1.42     0.300000        60563         1.43
        1.42     0.350000        68628         1.54
        1.43     0.400000        76700         1.67
        1.44     0.450000        84363         1.82
        1.45     0.500000        91515         2.00
        1.46     0.525000        97721         2.11
        1.46     0.550000       103439         2.22
        1.47     0.575000       108342         2.35
        1.48     0.600000       112638         2.50
        1.49     0.625000       116288         2.67
        1.50     0.650000       119337         2.86
        1.51     0.675000       123862         3.08
        1.53     0.700000       127937         3.33
        1.62     0.725000       132108         3.64
        1.74     0.750000       136850         4.00
        1.77     0.762500       139209         4.21
        1.80     0.775000       141310         4.44
        1.82     0.787500       143730         4.71
        1.85     0.800000       146254         5.00
        1.86     0.812500       148028         5.33
        1.89     0.825000       150865         5.71
        1.90     0.837500       152849         6.15
        1.92     0.850000       154800         6.67
        1.94     0.862500       157795         7.27
        1.96     0.875000       159810         8.00
        1.97     0.881250       160774         8.42
        1.98     0.887500       161682         8.89
        1.99     0.893750       163516         9.41
        2.00     0.900000       164437        10.00
        2.01     0.906250       165299        10.67
        2.02     0.912500       166106        11.43
        2.03     0.918750       167610        12.31
        2.05     0.925000       168902        13.33
        2.06     0.931250       170009        14.55
        2.08     0.937500       171019        16.00
        2.10     0.940625       171828        16.84
        2.10     0.943750       171828        17.78
        2.11     0.946875       172509        18.82
        2.13     0.950000       173057        20.00
        2.16     0.953125       173772        21.33
        2.17     0.956250       174055        22.86
        2.27     0.959375       174634        24.62
        2.51     0.962500       175278        26.67
        2.56     0.965625       176014        29.09
        2.58     0.968750       176365        32.00
        2.59     0.970313       176729        33.68
        2.61     0.971875       177143        35.56
        2.62     0.973437       177561        37.65
        2.62     0.975000       177561        40.00
        2.64     0.976562       177982        42.67
        2.65     0.978125       178395        45.71
        2.65     0.979688       178395        49.23
        2.67     0.981250       178853        53.33
        2.69     0.982812       179276        58.18
        2.69     0.984375       179276        64.00
        2.70     0.985156       179665        67.37
        2.70     0.985938       179665        71.11
        2.70     0.986719       179665        75.29
        2.72     0.987500       180007        80.00
        2.72     0.988281       180007        85.33
        2.73     0.989062       180283        91.43
        2.73     0.989844       180283        98.46
        2.75     0.990625       180515       106.67
        2.75     0.991406       180515       116.36
        2.77     0.992188       180720       128.00
        2.77     0.992578       180720       134.74
        2.78     0.992969       180887       142.22
        2.78     0.993359       180887       150.59
        2.78     0.993750       180887       160.00
        2.80     0.994141       181032       170.67
        2.80     0.994531       181032       182.86
        2.81     0.994922       181125       196.92
        2.83     0.995313       181200       213.33
        2.85     0.995703       181260       232.73
        2.86     0.996094       181298       256.00
        2.88     0.996289       181325       269.47
        2.91     0.996484       181362       284.44
        3.06     0.996680       181398       301.18
        3.26     0.996875       181433       320.00
        3.50     0.997070       181467       341.33
        3.82     0.997266       181503       365.71
        4.06     0.997461       181538       393.85
        4.38     0.997656       181576       426.67
        4.70     0.997852       181613       465.45
        4.93     0.998047       181647       512.00
        5.05     0.998145       181665       538.95
        5.18     0.998242       181682       568.89
        5.44     0.998340       181703       602.35
        5.60     0.998437       181721       640.00
        5.73     0.998535       181738       682.67
        5.89     0.998633       181753       731.43
        6.05     0.998730       181770       787.69
        6.24     0.998828       181787       853.33
        6.40     0.998926       181809       930.91
        6.53     0.999023       181826      1024.00
        6.59     0.999072       181832      1077.89
        6.69     0.999121       181844      1137.78
        6.75     0.999170       181854      1204.71
        6.78     0.999219       181858      1280.00
        6.85     0.999268       181867      1365.33
        6.88     0.999316       181876      1462.86
        6.97     0.999365       181888      1575.38
        7.04     0.999414       181896      1706.67
        7.10     0.999463       181903      1861.82
        7.20     0.999512       181912      2048.00
        7.23     0.999536       181916      2155.79
        7.26     0.999561       181921      2275.56
        7.29     0.999585       181925      2409.41
        7.33     0.999609       181929      2560.00
        7.36     0.999634       181934      2730.67
        7.42     0.999658       181940      2925.71
        7.46     0.999683       181943      3150.77
        7.52     0.999707       181951      3413.33
        7.55     0.999731       181955      3723.64
        7.58     0.999756       181959      4096.00
        7.58     0.999768       181959      4311.58
        7.62     0.999780       181963      4551.11
        7.62     0.999792       181963      4818.82
        7.65     0.999805       181966      5120.00
        7.68     0.999817       181969      5461.33
        7.68     0.999829       181969      5851.43
        7.74     0.999841       181973      6301.54
        7.81     0.999854       181975      6826.67
        7.84     0.999866       181981      7447.27
        7.84     0.999878       181981      8192.00
        7.84     0.999884       181981      8623.16
        7.84     0.999890       181981      9102.22
        7.87     0.999896       181985      9637.65
        7.87     0.999902       181985     10240.00
        7.87     0.999908       181985     10922.67
        7.87     0.999915       181985     11702.86
        7.90     0.999921       181987     12603.08
        7.90     0.999927       181987     13653.33
        7.93     0.999933       181989     14894.55
        7.93     0.999939       181989     16384.00
        7.97     0.999942       181993     17246.32
        7.97     0.999945       181993     18204.44
        7.97     0.999948       181993     19275.29
        7.97     0.999951       181993     20480.00
        7.97     0.999954       181993     21845.33
        7.97     0.999957       181993     23405.71
        7.97     0.999960       181993     25206.15
        8.00     0.999963       181995     27306.67
        8.00     0.999966       181995     29789.09
        8.00     0.999969       181995     32768.00
        8.00     0.999971       181995     34492.63
        8.03     0.999973       181996     36408.89
        8.03     0.999974       181996     38550.59
        8.03     0.999976       181996     40960.00
        8.03     0.999977       181996     43690.67
        8.06     0.999979       181997     46811.43
        8.06     0.999980       181997     50412.31
        8.06     0.999982       181997     54613.33
        8.06     0.999983       181997     59578.18
        8.10     0.999985       181998     65536.00
        8.10     0.999986       181998     68985.26
        8.10     0.999986       181998     72817.78
        8.10     0.999987       181998     77101.18
        8.10     0.999988       181998     81920.00
        8.10     0.999989       181998     87381.33
        8.13     0.999989       181999     93622.86
        8.13     0.999990       181999    100824.62
        8.13     0.999991       181999    109226.67
        8.13     0.999992       181999    119156.36
        8.13     0.999992       181999    131072.00
        8.13     0.999993       181999    137970.53
        8.13     0.999993       181999    145635.56
        8.13     0.999994       181999    154202.35
        8.13     0.999994       181999    163840.00
        8.13     0.999994       181999    174762.67
        8.19     0.999995       182000    187245.71
        8.19     1.000000       182000          inf
#[Mean    =        1.589, StdDeviation   =        0.390]
#[Max     =        8.191, Total count    =       182000]
#[Buckets =           10, SubBuckets     =          256]
