       Value   Percentile   TotalCount 1/(1-Percentile)

        0.06     0.000000            1         1.00
        1.33     0.050000       104888         1.05
        1.37     0.100000       242839         1.11
        1.38     0.150000       358463         1.18
        1.39     0.200000       428621         1.25
        1.40     0.250000       505771         1.33
        1.42     0.300000       677232         1.43
        1.42     0.350000       766159         1.54
        1.43     0.400000       854835         1.67
        1.44     0.450000       939177         1.82
        1.45     0.500000      1015986         2.00
        1.46     0.525000      1085385         2.11
        1.46     0.550000      1146339         2.22
        1.47     0.575000      1199763         2.35
        1.48     0.600000      1245455         2.50
        1.49     0.625000      1284485         2.67
        1.50     0.650000      1316803         2.86
        1.51     0.675000      1365832         3.08
        1.53     0.700000      1410031         3.33
        1.61     0.725000      1450411         3.64
        1.74     0.750000      1501476         4.00
        1.77     0.762500      1525925         4.21
        1.80     0.775000      1556226         4.44
        1.82     0.787500      1582174         4.71
        1.84     0.800000      1600855         5.00
        1.86     0.812500      1630573         5.33
        1.88     0.825000      1651466         5.71
        1.90     0.837500      1683965         6.15
        1.92     0.850000      1705538         6.67
        1.94     0.862500      1727550         7.27
        1.96     0.875000      1760232         8.00
        1.97     0.881250      1770787         8.42
        1.98     0.887500      1781162         8.89
        1.98     0.893750      1791136         9.41
        1.99     0.900000      1800870        10.00
        2.01     0.906250      1819699        10.67
        2.02     0.912500      1828339        11.43
        2.03     0.918750      1844813        12.31
        2.04     0.925000      1852368        13.33
        2.06     0.931250      1871748        14.55
        2.08     0.937500      1882520        16.00
        2.08     0.940625      1882520        16.84
        2.10     0.943750      1891384        17.78
        2.11     0.946875      1898583        18.82
        2.13     0.950000      1904439        20.00
        2.14     0.953125      1909078        21.33
        2.16     0.956250      1912552        22.86
        2.22     0.959375      1919660        24.62
        2.48     0.962500      1925721        26.67
        2.54     0.965625      1933593        29.09
        2.58     0.968750      1940426        32.00
        2.59     0.970313      1944423        33.68
        2.59     0.971875      1944423        35.56
        2.61     0.973437      1948812        37.65
        2.62     0.975000      1953394        40.00
        2.62     0.976562      1953394        42.67
        2.64     0.978125      1958212        45.71
        2.65     0.979688      1963162        49.23
        2.65     0.981250      1963162        53.33
        2.67     0.982812      1967889        58.18
        2.69     0.984375      1972351        64.00
        2.69     0.985156      1972351        67.37
        2.69     0.985938      1972351        71.11
        2.70     0.986719      1976507        75.29
        2.70     0.987500      1976507        80.00
        2.72     0.988281      1980234        85.33
        2.72     0.989062      1980234        91.43
        2.72     0.989844      1980234        98.46
        2.73     0.990625      1983467       106.67
        2.73     0.991406      1983467       116.36
        2.75     0.992188      1986240       128.00
        2.75     0.992578      1986240       134.74
        2.75     0.992969      1986240       142.22
        2.77     0.993359      1988517       150.59
        2.77     0.993750      1988517       160.00
        2.77     0.994141      1988517       170.67
        2.78     0.994531      1990404       182.86
        2.78     0.994922      1990404       196.92
        2.80     0.995313      1991855       213.33
        2.80     0.995703      1991855       232.73
        2.81     0.996094      1992999       256.00
        2.81     0.996289      1992999       269.47
        2.81     0.996484      1992999       284.44
        2.83     0.996680      1993801       301.18
        2.83     0.996875      1993801       320.00
        2.85     0.997070      1994388       341.33
        2.86     0.997266      1994787       365.71
        2.88     0.997461      1995038       393.85
        2.91     0.997656      1995380       426.67
        3.06     0.997852      1995717       465.45
        3.34     0.998047      1996104       512.00
        3.50     0.998145      1996298       538.95
        3.66     0.998242      1996498       568.89
        3.82     0.998340      1996683       602.35
        3.97     0.998437      1996875       640.00
        4.13     0.998535      1997089       682.67
        4.29     0.998633      1997282       731.43
        4.45     0.998730      1997485       787.69
        4.61     0.998828      1997678       853.33
        4.77     0.998926      1997869       930.91
        4.93     0.999023      1998062      1024.00
        4.99     0.999072      1998146      1077.89
        5.09     0.999121      1998273      1137.78
        5.15     0.999170      1998353      1204.71
        5.25     0.999219      1998469      1280.00
        5.31     0.999268      1998536      1365.33
        5.41     0.999316      1998642      1462.86
        5.50     0.999365      1998759      1575.38
        5.60     0.999414      1998860      1706.67
        5.66     0.999463      1998928      1861.82
        5.76     0.999512      1999027      2048.00
        5.79     0.999536      1999075      2155.79
        5.86     0.999561      1999130      2275.56
        5.92     0.999585      1999207      2409.41
        5.95     0.999609      1999232      2560.00
        6.01     0.999634      1999290      2730.67
        6.05     0.999658      1999317      2925.71
        6.14     0.999683      1999386      3150.77
        6.17     0.999707      1999416      3413.33
        6.27     0.999731      1999472      3723.64
        6.33     0.999756      1999515      4096.00
        6.40     0.999768      1999548      4311.58
        6.43     0.999780      1999565      4551.11
        6.46     0.999792      1999585      4818.82
        6.53     0.999805      1999625      5120.00
        6.56     0.999817      1999635      5461.33
        6.62     0.999829      1999663      5851.43
        6.69     0.999841      1999690      6301.54
        6.75     0.999854      1999721      6826.67
        6.78     0.999866      1999736      7447.27
        6.85     0.999878      1999765      8192.00
        6.88     0.999884      1999784      8623.16
        6.88     0.999890      1999784      9102.22
        6.91     0.999896      1999797      9637.65
        6.94     0.999902      1999808     10240.00
        6.97     0.999908      1999824     10922.67
        7.01     0.999915      1999837     11702.86
        7.04     0.999921      1999846     12603.08
        7.10     0.999927      1999863     13653.33
        7.13     0.999933      1999871     14894.55
        7.20     0.999939      1999883     16384.00
        7.23     0.999942      1999892     17246.32
        7.23     0.999945      1999892     18204.44
        7.26     0.999948      1999898     19275.29
        7.29     0.999951      1999905     20480.00
        7.33     0.999954      1999909     21845.33
        7.36     0.999957      1999917     23405.71
        7.39     0.999960      1999922     25206.15
        7.42     0.999963      1999928     27306.67
        7.49     0.999966      1999935     29789.09
        7.52     0.999969      1999943     32768.00
        7.52     0.999971      1999943     34492.63
        7.55     0.999973      1999949     36408.89
        7.55     0.999974      1999949     38550.59
        7.58     0.999976      1999954     40960.00
        7.62     0.999977      1999958     43690.67
        7.62     0.999979      1999958     46811.43
        7.65     0.999980      1999961     50412.31
        7.68     0.999982      1999965     54613.33
        7.71     0.999983      1999967     59578.18
        7.78     0.999985      1999970     65536.00
        7.81     0.999986      1999972     68985.26
        7.84     0.999986      1999978     72817.78
        7.84     0.999987      1999978     77101.18
        7.84     0.999988      1999978     81920.00
        7.84     0.999989      1999978     87381.33
        7.87     0.999989      1999982     93622.86
        7.87     0.999990      1999982    100824.62
        7.87     0.999991      1999982    109226.67
        7.90     0.999992      1999984    119156.36
        7.93     0.999992      1999988    131072.00
        7.93     0.999993      1999988    137970.53
        7.93     0.999993      1999988    145635.56
        7.93     0.999994      1999988    154202.35
        7.93     0.999994      1999988    163840.00
        7.97     0.999994      1999992    174762.67
        7.97     0.999995      1999992    187245.71
        7.97     0.999995      1999992    201649.23
        7.97     0.999995      1999992    218453.33
        7.97     0.999996      1999992    238312.73
        8.00     0.999996      1999994    262144.00
        8.00     0.999996      1999994    275941.05
        8.00     0.999997      1999994    291271.11
        8.00     0.999997      1999994    308404.71
        8.00     0.999997      1999994    327680.00
        8.03     0.999997      1999995    349525.33
        8.03     0.999997      1999995    374491.43
        8.06     0.999998      1999997    403298.46
        8.06     0.999998      1999997    436906.67
        8.06     0.999998      1999997    476625.45
        8.06     0.999998      1999997    524288.00
        8.06     0.999998      1999997    551882.11
        8.06     0.999998      1999997    582542.22
        8.06     0.999998      1999997    616809.41
        8.06     0.999998      1999997    655360.00
        8.10     0.999999      1999998    699050.67
        8.10     0.999999      1999998    748982.86
        8.10     0.999999      1999998    806596.92
        8.10     0.999999      1999998    873813.33
        8.10     0.999999      1999998    953250.91
        8.13     0.999999      1999999   1048576.00
        8.13     0.999999      1999999   1103764.21
        8.13     0.999999      1999999   1165084.44
        8.13     0.999999      1999999   1233618.82
        8.13     0.999999      1999999   1310720.00
        8.13     0.999999      1999999   1398101.33
        8.13     0.999999      1999999   1497965.71
        8.13     0.999999      1999999   1613193.85
        8.13     0.999999      1999999   1747626.67
        8.13     0.999999      1999999   1906501.82
        8.19     1.000000      2000000   2097152.00
        8.19     1.000000      2000000          inf
#[Mean    =        1.582, StdDeviation   =        0.348]
#[Max     =        8.191, Total count    =      2000000]
#[Buckets =           10, SubBuckets     =          256]
