       Value   Percentile   TotalCount 1/(1-Percentile)

        0.20     0.000000            1         1.00
        0.90     0.050000        93869         1.05
        0.97     0.100000       197098         1.11
        1.00     0.150000       282801         1.18
        1.03     0.200000       391837         1.25
        1.05     0.250000       481000         1.33
        1.08     0.300000       575699         1.43
        1.09     0.350000       639381         1.54
        1.12     0.400000       736777         1.67
        1.14     0.450000       843173         1.82
        1.17     0.500000       934329         2.00
        1.18     0.525000       957652         2.11
        1.20     0.550000      1012003         2.22
        1.22     0.575000      1056640         2.35
        1.25     0.600000      1099688         2.50
        1.27     0.625000      1140210         2.67
        1.30     0.650000      1189372         2.86
        1.33     0.675000      1234228         3.08
        1.37     0.700000      1279687         3.33
        1.39     0.725000      1318360         3.64
        1.42     0.750000      1379481         4.00
        1.43     0.762500      1396650         4.21
        1.44     0.775000      1414702         4.44
        1.45     0.787500      1433617         4.71
        1.46     0.800000      1473005         5.00
        1.47     0.812500      1493295         5.33
        1.48     0.825000      1513703         5.71
        1.49     0.837500      1534189         6.15
        1.50     0.850000      1554382         6.67
        1.50     0.862500      1574159         7.27
        1.51     0.875000      1593206         8.00
        1.52     0.881250      1611448         8.42
        1.53     0.887500      1628683         8.89
        1.53     0.893750      1628683         9.41
        1.53     0.900000      1644924        10.00
        1.54     0.906250      1659847        10.67
        1.54     0.912500      1659847        11.43
        1.55     0.918750      1673686        12.31
        1.56     0.925000      1686177        13.33
        1.57     0.931250      1697558        14.55
        1.57     0.937500      1707572        16.00
        1.58     0.940625      1716507        16.84
        1.58     0.943750      1716507        17.78
        1.59     0.946875      1724466        18.82
        1.60     0.950000      1731544        20.00
        1.61     0.953125      1737822        21.33
        1.61     0.956250      1743373        22.86
        1.62     0.959375      1748575        24.62
        1.63     0.962500      1753600        26.67
        1.64     0.965625      1758339        29.09
        1.65     0.968750      1762853        32.00
        1.66     0.970313      1767267        33.68
        1.66     0.971875      1767267        35.56
        1.66     0.973437      1771486        37.65
        1.67     0.975000      1775271        40.00
        1.68     0.976562      1778831        42.67
        1.68     0.978125      1778831        45.71
        1.69     0.979688      1782125        49.23
        1.70     0.981250      1784975        53.33
        1.70     0.982812      1787604        58.18
        1.71     0.984375      1789827        64.00
        1.72     0.985156      1791823        67.37
        1.73     0.985938      1793580        71.11
        1.74     0.986719      1795033        75.29
        1.74     0.987500      1796426        80.00
        1.75     0.988281      1797627        85.33
        1.76     0.989062      1798678        91.43
        1.77     0.989844      1799613        98.46
        1.78     0.990625      1801347       106.67
        1.80     0.991406      1802794       116.36
        1.81     0.992188      1804098       128.00
        1.82     0.992578      1804666       134.74
        1.84     0.992969      1805673       142.22
        1.85     0.993359      1806100       150.59
        1.86     0.993750      1806778       160.00
        1.89     0.994141      1807507       170.67
        1.91     0.994531      1808078       182.86
        1.95     0.994922      1808845       196.92
        2.01     0.995313      1809563       213.33
        2.08     0.995703      1810325       232.73
        2.16     0.996094      1810932       256.00
        2.22     0.996289      1811264       269.47
        2.30     0.996484      1811683       284.44
        2.37     0.996680      1811985       301.18
        2.45     0.996875      1812344       320.00
        2.56     0.997070      1812680       341.33
        2.70     0.997266      1813052       365.71
        2.85     0.997461      1813388       393.85
        3.09     0.997656      1813754       426.67
        3.33     0.997852      1814102       465.45
        3.65     0.998047      1814458       512.00
        3.82     0.998145      1814637       538.95
        4.01     0.998242      1814807       568.89
        4.22     0.998340      1814992       602.35
        4.42     0.998437      1815163       640.00
        4.64     0.998535      1815344       682.67
        4.86     0.998633      1815538       731.43
        5.05     0.998730      1815700       787.69
        5.28     0.998828      1815885       853.33
        5.50     0.998926      1816068       930.91
        5.73     0.999023      1816247      1024.00
        5.86     0.999072      1816329      1077.89
        6.01     0.999121      1816420      1137.78
        6.14     0.999170      1816491      1204.71
        6.27     0.999219      1816600      1280.00
        6.37     0.999268      1816676      1365.33
        6.50     0.999316      1816764      1462.86
        6.66     0.999365      1816851      1575.38
        6.88     0.999414      1816935      1706.67
        7.17     0.999463      1817024      1861.82
        7.58     0.999512      1817116      2048.00
        7.74     0.999536      1817157      2155.79
        7.97     0.999561      1817204      2275.56
        8.19     0.999585      1817248      2409.41
        8.38     0.999609      1817291      2560.00
        8.64     0.999634      1817345      2730.67
        8.83     0.999658      1817380      2925.71
        9.02     0.999683      1817423      3150.77
        9.28     0.999707      1817478      3413.33
        9.47     0.999731      1817519      3723.64
        9.66     0.999756      1817559      4096.00
        9.79     0.999768      1817591      4311.58
        9.86     0.999780      1817601      4551.11
        9.98     0.999792      1817630      4818.82
       10.05     0.999805      1817646      5120.00
       10.18     0.999817      1817672      5461.33
       10.30     0.999829      1817698      5851.43
       10.37     0.999841      1817716      6301.54
       10.49     0.999854      1817745      6826.67
       10.56     0.999866      1817761      7447.27
       10.69     0.999878      1817787      8192.00
       10.75     0.999884      1817799      8623.16
       10.81     0.999890      1817813      9102.22
       10.81     0.999896      1817813      9637.65
       10.88     0.999902      1817832     10240.00
       10.94     0.999908      1817838     10922.67
       11.01     0.999915      1817850     11702.86
       11.07     0.999921      1817863     12603.08
       11.13     0.999927      1817874     13653.33
       11.20     0.999933      1817879     14894.55
       11.33     0.999939      1817894     16384.00
       11.39     0.999942      1817903     17246.32
       11.39     0.999945      1817903     18204.44
       11.46     0.999948      1817906     19275.29
       11.52     0.999951      1817913     20480.00
       11.58     0.999954      1817921     21845.33
       11.65     0.999957      1817925     23405.71
       11.71     0.999960      1817930     25206.15
       11.84     0.999963      1817938     27306.67
       11.90     0.999966      1817944     29789.09
       11.97     0.999969      1817945     32768.00
       12.10     0.999971      1817953     34492.63
       12.10     0.999973      1817953     36408.89
       12.10     0.999974      1817953     38550.59
       12.22     0.999976      1817957     40960.00
       12.29     0.999977      1817961     43690.67
       12.35     0.999979      1817965     46811.43
       12.35     0.999980      1817965     50412.31
       12.41     0.999982      1817967     54613.33
       12.54     0.999983      1817971     59578.18
       12.61     0.999985      1817973     65536.00
       12.67     0.999986      1817976     68985.26
       12.67     0.999986      1817976     72817.78
       12.73     0.999987      1817978     77101.18
       12.73     0.999988      1817978     81920.00
       12.86     0.999989      1817980     87381.33
       12.93     0.999989      1817983     93622.86
       12.93     0.999990      1817983    100824.62
       12.99     0.999991      1817985    109226.67
       12.99     0.999992      1817985    119156.36
       13.18     0.999992      1817989    131072.00
       13.18     0.999993      1817989    137970.53
       13.18     0.999993      1817989    145635.56
       13.18     0.999994      1817989    154202.35
       13.18     0.999994      1817989    163840.00
       13.25     0.999994      1817991    174762.67
       13.25     0.999995      1817991    187245.71
       13.25     0.999995      1817991    201649.23
       13.31     0.999995      1817992    218453.33
       13.38     0.999996      1817993    238312.73
       13.57     0.999996      1817996    262144.00
       13.57     0.999996      1817996    275941.05
       13.57     0.999997      1817996    291271.11
       13.57     0.999997      1817996    308404.71
       13.57     0.999997      1817996    327680.00
       13.57     0.999997      1817996    349525.33
       13.57     0.999997      1817996    374491.43
       13.57     0.999998      1817996    403298.46
       13.57     0.999998      1817996    436906.67
       13.76     0.999998      1817997    476625.45
       13.76     0.999998      1817997    524288.00
       13.76     0.999998      1817997    551882.11
       13.76     0.999998      1817997    582542.22
       13.89     0.999998      1818000    616809.41
       13.89     1.000000      1818000          inf
#[Mean    =        1.227, StdDeviation   =        0.345]
#[Max     =       13.887, Total count    =      1818000]
#[Buckets =           10, SubBuckets     =          256]
