       Value   Percentile   TotalCount 1/(1-Percentile)

        0.20     0.000000            1         1.00
        0.90     0.050000       103210         1.05
        0.97     0.100000       216752         1.11
        1.00     0.150000       311043         1.18
        1.03     0.200000       431092         1.25
        1.05     0.250000       529085         1.33
        1.08     0.300000       633254         1.43
        1.09     0.350000       703549         1.54
        1.12     0.400000       810631         1.67
        1.14     0.450000       927473         1.82
        1.17     0.500000      1027832         2.00
        1.18     0.525000      1053554         2.11
        1.20     0.550000      1113202         2.22
        1.22     0.575000      1162265         2.35
        1.25     0.600000      1209564         2.50
        1.27     0.625000      1254106         2.67
        1.30     0.650000      1308137         2.86
        1.33     0.675000      1357693         3.08
        1.37     0.700000      1407839         3.33
        1.39     0.725000      1450382         3.64
        1.42     0.750000      1517655         4.00
        1.43     0.762500      1536521         4.21
        1.44     0.775000      1556421         4.44
        1.45     0.787500      1577258         4.71
        1.46     0.800000      1620614         5.00
        1.47     0.812500      1642894         5.33
        1.48     0.825000      1665346         5.71
        1.49     0.837500      1687863         6.15
        1.50     0.850000      1710055         6.67
        1.50     0.862500      1731744         7.27
        1.51     0.875000      1752745         8.00
        1.52     0.881250      1772783         8.42
        1.53     0.887500      1791693         8.89
        1.53     0.893750      1791693         9.41
        1.53     0.900000      1809447        10.00
        1.54     0.906250      1825841        10.67
        1.54     0.912500      1825841        11.43
        1.55     0.918750      1841108        12.31
        1.56     0.925000      1854827        13.33
        1.57     0.931250      1867325        14.55
        1.57     0.937500      1878341        16.00
        1.58     0.940625      1888130        16.84
        1.58     0.943750      1888130        17.78
        1.59     0.946875      1896936        18.82
        1.60     0.950000      1904724        20.00
        1.61     0.953125      1911556        21.33
        1.61     0.956250      1917639        22.86
        1.62     0.959375      1923381        24.62
        1.63     0.962500      1928892        26.67
        1.64     0.965625      1934134        29.09
        1.65     0.968750      1939113        32.00
        1.66     0.970313      1943956        33.68
        1.66     0.971875      1943956        35.56
        1.66     0.973437      1948567        37.65
        1.67     0.975000      1952776        40.00
        1.68     0.976562      1956693        42.67
        1.68     0.978125      1956693        45.71
        1.69     0.979688      1960332        49.23
        1.70     0.981250      1963454        53.33
        1.70     0.982812      1966362        58.18
        1.71     0.984375      1968804        64.00
        1.72     0.985156      1971025        67.37
        1.73     0.985938      1972964        71.11
        1.74     0.986719      1974589        75.29
        1.74     0.987500      1976129        80.00
        1.75     0.988281      1977444        85.33
        1.76     0.989062      1978600        91.43
        1.77     0.989844      1980635        98.46
        1.78     0.990625      1981550       106.67
        1.80     0.991406      1983152       116.36
        1.81     0.992188      1984578       128.00
        1.82     0.992578      1985209       134.74
        1.84     0.992969      1986306       142.22
        1.85     0.993359      1986764       150.59
        1.86     0.993750      1987527       160.00
        1.89     0.994141      1988341       170.67
        1.92     0.994531      1989148       182.86
        1.96     0.994922      1989920       196.92
        2.02     0.995313      1990714       213.33
        2.08     0.995703      1991439       232.73
        2.17     0.996094      1992220       256.00
        2.24     0.996289      1992605       269.47
        2.32     0.996484      1993035       284.44
        2.38     0.996680      1993379       301.18
        2.48     0.996875      1993818       320.00
        2.61     0.997070      1994184       341.33
        2.73     0.997266      1994558       365.71
        2.91     0.997461      1994934       393.85
        3.15     0.997656      1995340       426.67
        3.41     0.997852      1995706       465.45
        3.76     0.998047      1996105       512.00
        3.97     0.998145      1996306       538.95
        4.16     0.998242      1996493       568.89
        4.38     0.998340      1996701       602.35
        4.58     0.998437      1996879       640.00
        4.83     0.998535      1997102       682.67
        5.02     0.998633      1997275       731.43
        5.25     0.998730      1997478       787.69
        5.47     0.998828      1997673       853.33
        5.70     0.998926      1997868       930.91
        5.95     0.999023      1998053      1024.00
        6.11     0.999072      1998153      1077.89
        6.24     0.999121      1998257      1137.78
        6.37     0.999170      1998364      1204.71
        6.46     0.999219      1998447      1280.00
        6.62     0.999268      1998554      1365.33
        6.78     0.999316      1998639      1462.86
        6.97     0.999365      1998744      1575.38
        7.20     0.999414      1998829      1706.67
        7.52     0.999463      1998933      1861.82
        7.84     0.999512      1999026      2048.00
        7.97     0.999536      1999076      2155.79
        8.16     0.999561      1999128      2275.56
        8.38     0.999585      1999187      2409.41
        8.51     0.999609      1999224      2560.00
        8.70     0.999634      1999278      2730.67
        8.89     0.999658      1999327      2925.71
        9.09     0.999683      1999385      3150.77
        9.28     0.999707      1999436      3413.33
        9.47     0.999731      1999480      3723.64
        9.60     0.999756      1999512      4096.00
        9.73     0.999768      1999537      4311.58
        9.86     0.999780      1999569      4551.11
        9.92     0.999792      1999588      4818.82
       10.05     0.999805      1999619      5120.00
       10.18     0.999817      1999647      5461.33
       10.24     0.999829      1999663      5851.43
       10.37     0.999841      1999691      6301.54
       10.49     0.999854      1999723      6826.67
       10.56     0.999866      1999740      7447.27
       10.62     0.999878      1999757      8192.00
       10.69     0.999884      1999770      8623.16
       10.75     0.999890      1999784      9102.22
       10.81     0.999896      1999798      9637.65
       10.88     0.999902      1999821     10240.00
       10.88     0.999908      1999821     10922.67
       11.01     0.999915      1999840     11702.86
       11.07     0.999921      1999854     12603.08
       11.07     0.999927      1999854     13653.33
       11.13     0.999933      1999866     14894.55
       11.26     0.999939      1999879     16384.00
       11.33     0.999942      1999889     17246.32
       11.39     0.999945      1999898     18204.44
       11.39     0.999948      1999898     19275.29
       11.52     0.999951      1999908     20480.00
       11.58     0.999954      1999917     21845.33
       11.58     0.999957      1999917     23405.71
       11.65     0.999960      1999921     25206.15
       11.71     0.999963      1999927     27306.67
       11.84     0.999966      1999935     29789.09
       11.90     0.999969      1999941     32768.00
       11.97     0.999971      1999943     34492.63
       12.10     0.999973      1999952     36408.89
       12.10     0.999974      1999952     38550.59
       12.10     0.999976      1999952     40960.00
       12.22     0.999977      1999956     43690.67
       12.29     0.999979      1999960     46811.43
       12.35     0.999980      1999964     50412.31
       12.35     0.999982      1999964     54613.33
       12.48     0.999983      1999967     59578.18
       12.54     0.999985      1999970     65536.00
       12.61     0.999986      1999972     68985.26
       12.67     0.999986      1999975     72817.78
       12.67     0.999987      1999975     77101.18
       12.73     0.999988      1999977     81920.00
       12.86     0.999989      1999979     87381.33
       12.86     0.999989      1999979     93622.86
       12.93     0.999990      1999982    100824.62
       12.93     0.999991      1999982    109226.67
       12.99     0.999992      1999984    119156.36
       13.05     0.999992      1999985    131072.00
       13.18     0.999993      1999988    137970.53
       13.18     0.999993      1999988    145635.56
       13.18     0.999994      1999988    154202.35
       13.18     0.999994      1999988    163840.00
       13.25     0.999994      1999990    174762.67
       13.25     0.999995      1999990    187245.71
       13.31     0.999995      1999991    201649.23
       13.31     0.999995      1999991    218453.33
       13.38     0.999996      1999992    238312.73
       13.50     0.999996      1999993    262144.00
       13.50     0.999996      1999993    275941.05
       13.57     0.999997      1999996    291271.11
       13.57     0.999997      1999996    308404.71
       13.57     0.999997      1999996    327680.00
       13.57     0.999997      1999996    349525.33
       13.57     0.999997      1999996    374491.43
       13.57     0.999998      1999996    403298.46
       13.57     0.999998      1999996    436906.67
       13.57     0.999998      1999996    476625.45
       13.76     0.999998      1999997    524288.00
       13.76     0.999998      1999997    551882.11
       13.76     0.999998      1999997    582542.22
       13.76     0.999998      1999997    616809.41
       13.76     0.999998      1999997    655360.00
       13.89     0.999999      2000000    699050.67
       13.89     1.000000      2000000          inf
#[Mean    =        1.227, StdDeviation   =        0.349]
#[Max     =       13.887, Total count    =      2000000]
#[Buckets =           10, SubBuckets     =          256]
