       Value   Percentile   TotalCount 1/(1-Percentile)

        0.23     0.000000            1         1.00
        0.90     0.050000         9341         1.05
        0.97     0.100000        19654         1.11
        1.00     0.150000        28242         1.18
        1.03     0.200000        39255         1.25
        1.05     0.250000        48085         1.33
        1.08     0.300000        57555         1.43
        1.09     0.350000        64168         1.54
        1.12     0.400000        73854         1.67
        1.14     0.450000        84300         1.82
        1.17     0.500000        93503         2.00
        1.18     0.525000        95902         2.11
        1.20     0.550000       101199         2.22
        1.22     0.575000       105625         2.35
        1.25     0.600000       109876         2.50
        1.27     0.625000       113896         2.67
        1.30     0.650000       118765         2.86
        1.33     0.675000       123465         3.08
        1.37     0.700000       128152         3.33
        1.39     0.725000       132022         3.64
        1.42     0.750000       138174         4.00
        1.43     0.762500       139871         4.21
        1.44     0.775000       141719         4.44
        1.45     0.787500       143641         4.71
        1.46     0.800000       147609         5.00
        1.47     0.812500       149599         5.33
        1.48     0.825000       151643         5.71
        1.49     0.837500       153674         6.15
        1.50     0.850000       155673         6.67
        1.50     0.862500       157585         7.27
        1.51     0.875000       159539         8.00
        1.52     0.881250       161335         8.42
        1.53     0.887500       163010         8.89
        1.53     0.893750       163010         9.41
        1.53     0.900000       164523        10.00
        1.54     0.906250       165994        10.67
        1.55     0.912500       167422        11.43
        1.55     0.918750       167422        12.31
        1.56     0.925000       168650        13.33
        1.57     0.931250       169767        14.55
        1.57     0.937500       170769        16.00
        1.58     0.940625       171623        16.84
        1.59     0.943750       172470        17.78
        1.59     0.946875       172470        18.82
        1.60     0.950000       173180        20.00
        1.61     0.953125       173734        21.33
        1.61     0.956250       174266        22.86
        1.62     0.959375       174806        24.62
        1.63     0.962500       175292        26.67
        1.64     0.965625       175795        29.09
        1.66     0.968750       176689        32.00
        1.66     0.970313       176689        33.68
        1.66     0.971875       177081        35.56
        1.67     0.973437       177505        37.65
        1.67     0.975000       177505        40.00
        1.68     0.976562       177862        42.67
        1.69     0.978125       178207        45.71
        1.70     0.979688       178479        49.23
        1.70     0.981250       178758        53.33
        1.71     0.982812       178977        58.18
        1.72     0.984375       179202        64.00
        1.73     0.985156       179384        67.37
        1.74     0.985938       179556        71.11
        1.74     0.986719       179703        75.29
        1.75     0.987500       179817        80.00
        1.76     0.988281       179922        85.33
        1.77     0.989062       180017        91.43
        1.78     0.989844       180203        98.46
        1.80     0.990625       180358       106.67
        1.81     0.991406       180480       116.36
        1.83     0.992188       180587       128.00
        1.85     0.992578       180664       134.74
        1.86     0.992969       180749       142.22
        1.88     0.993359       180811       150.59
        1.90     0.993750       180868       160.00
        1.94     0.994141       180943       170.67
        1.99     0.994531       181014       182.86
        2.04     0.994922       181082       196.92
        2.11     0.995313       181152       213.33
        2.21     0.995703       181224       232.73
        2.33     0.996094       181294       256.00
        2.43     0.996289       181329       269.47
        2.53     0.996484       181364       284.44
        2.67     0.996680       181397       301.18
        2.83     0.996875       181432       320.00
        3.10     0.997070       181470       341.33
        3.36     0.997266       181506       365.71
        3.87     0.997461       181538       393.85
        4.48     0.997656       181576       426.67
        5.12     0.997852       181609       465.45
        5.73     0.998047       181646       512.00
        5.92     0.998145       181664       538.95
        6.21     0.998242       181681       568.89
        6.46     0.998340       181702       602.35
        6.56     0.998437       181716       640.00
        6.75     0.998535       181737       682.67
        6.88     0.998633       181757       731.43
        6.97     0.998730       181769       787.69
        7.13     0.998828       181789       853.33
        7.26     0.998926       181805       930.91
        7.49     0.999023       181824      1024.00
        7.58     0.999072       181836      1077.89
        7.71     0.999121       181841      1137.78
        7.78     0.999170       181849      1204.71
        7.87     0.999219       181858      1280.00
        7.93     0.999268       181868      1365.33
        8.00     0.999316       181876      1462.86
        8.16     0.999365       181888      1575.38
        8.38     0.999414       181896      1706.67
        8.51     0.999463       181908      1861.82
        8.57     0.999512       181913      2048.00
        8.64     0.999536       181918      2155.79
        8.70     0.999561       181922      2275.56
        8.83     0.999585       181927      2409.41
        8.89     0.999609       181932      2560.00
        8.96     0.999634       181934      2730.67
        9.09     0.999658       181943      2925.71
        9.09     0.999683       181943      3150.77
        9.15     0.999707       181947      3413.33
        9.28     0.999731       181958      3723.64
        9.28     0.999756       181958      4096.00
        9.28     0.999768       181958      4311.58
        9.47     0.999780       181961      4551.11
        9.60     0.999792       181964      4818.82
        9.73     0.999805       181965      5120.00
        9.86     0.999817       181968      5461.33
        9.92     0.999829       181971      5851.43
        9.98     0.999841       181973      6301.54
       10.11     0.999854       181974      6826.67
       10.43     0.999866       181976      7447.27
       10.49     0.999878       181978      8192.00
       10.56     0.999884       181979      8623.16
       10.69     0.999890       181983      9102.22
       10.69     0.999896       181983      9637.65
       10.69     0.999902       181983     10240.00
       10.75     0.999908       181985     10922.67
       10.75     0.999915       181985     11702.86
       10.88     0.999921       181989     12603.08
       10.88     0.999927       181989     13653.33
       10.88     0.999933       181989     14894.55
       10.88     0.999939       181989     16384.00
       10.94     0.999942       181990     17246.32
       11.07     0.999945       181991     18204.44
       11.07     0.999948       181991     19275.29
       11.13     0.999951       181992     20480.00
       11.13     0.999954       181992     21845.33
       11.20     0.999957       181994     23405.71
       11.20     0.999960       181994     25206.15
       11.20     0.999963       181994     27306.67
       11.20     0.999966       181994     29789.09
       11.26     0.999969       181995     32768.00
       11.26     0.999971       181995     34492.63
       11.58     0.999973       181996     36408.89
       11.58     0.999974       181996     38550.59
       11.58     0.999976       181996     40960.00
       11.58     0.999977       181996     43690.67
       11.71     0.999979       181997     46811.43
       11.71     0.999980       181997     50412.31
       11.71     0.999982       181997     54613.33
       11.71     0.999983       181997     59578.18
       11.97     0.999985       181998     65536.00
       11.97     0.999986       181998     68985.26
       11.97     0.999986       181998     72817.78
       11.97     0.999987       181998     77101.18
       11.97     0.999988       181998     81920.00
       11.97     0.999989       181998     87381.33
       12.10     0.999989       181999     93622.86
       12.10     0.999990       181999    100824.62
       12.10     0.999991       181999    109226.67
       12.10     0.999992       181999    119156.36
       12.10     0.999992       181999    131072.00
       12.10     0.999993       181999    137970.53
       12.10     0.999993       181999    145635.56
       12.10     0.999994       181999    154202.35
       12.10     0.999994       181999    163840.00
       12.10     0.999994       181999    174762.67
       13.50     0.999995       182000    187245.71
       13.50     1.000000       182000          inf
#[Mean    =        1.232, StdDeviation   =        0.390]
#[Max     =       13.503, Total count    =       182000]
#[Buckets =           10, SubBuckets     =          256]
