       Value   Percentile   TotalCount 1/(1-Percentile)

        0.06     0.000000            7         1.00
        1.47     0.050000        95786         1.05
        1.50     0.100000       207268         1.11
        1.51     0.150000       334070         1.18
        1.52     0.200000       414550         1.25
        1.53     0.250000       505110         1.33
        1.53     0.300000       602692         1.43
        1.54     0.350000       704602         1.54
        1.55     0.400000       806153         1.67
        1.56     0.450000       904273         1.82
        1.57     0.500000       994954         2.00
        1.57     0.525000       994954         2.11
        1.57     0.550000      1074217         2.22
        1.57     0.575000      1074217         2.35
        1.58     0.600000      1142496         2.50
        1.58     0.625000      1142496         2.67
        1.59     0.650000      1199087         2.86
        1.60     0.675000      1244836         3.08
        1.61     0.700000      1281328         3.33
        1.62     0.725000      1333574         3.64
        1.64     0.750000      1366695         4.00
        1.66     0.762500      1389214         4.21
        1.68     0.775000      1411927         4.44
        1.74     0.787500      1432658         4.71
        1.94     0.800000      1455339         5.00
        1.99     0.812500      1479452         5.33
        2.03     0.825000      1505015         5.71
        2.06     0.837500      1530099         6.15
        2.10     0.850000      1559158         6.67
        2.11     0.862500      1574616         7.27
        2.14     0.875000      1606827         8.00
        2.14     0.881250      1606827         8.42
        2.16     0.887500      1622749         8.89
        2.17     0.893750      1638324         9.41
        2.17     0.900000      1638324        10.00
        2.19     0.906250      1652846        10.67
        2.21     0.912500      1666225        11.43
        2.22     0.918750      1678107        12.31
        2.24     0.925000      1688277        13.33
        2.25     0.931250      1696600        14.55
        2.29     0.937500      1708603        16.00
        2.30     0.940625      1712562        16.84
        2.33     0.943750      1717712        17.78
        2.38     0.946875      1721585        18.82
        2.77     0.950000      1727825        20.00
        2.83     0.953125      1734490        21.33
        2.86     0.956250      1741307        22.86
        2.88     0.959375      1745521        24.62
        2.90     0.962500      1750453        26.67
        2.91     0.965625      1755806        29.09
        2.93     0.968750      1761649        32.00
        2.94     0.970313      1767699        33.68
        2.94     0.971875      1767699        35.56
        2.96     0.973437      1773971        37.65
        2.96     0.975000      1773971        40.00
        2.98     0.976562      1780047        42.67
        2.98     0.978125      1780047        45.71
        2.99     0.979688      1785670        49.23
        2.99     0.981250      1785670        53.33
        3.01     0.982812      1790868        58.18
        3.01     0.984375      1790868        64.00
        3.02     0.985156      1795406        67.37
        3.02     0.985938      1795406        71.11
        3.02     0.986719      1795406        75.29
        3.02     0.987500      1795406        80.00
        3.04     0.988281      1799286        85.33
        3.04     0.989062      1799286        91.43
        3.06     0.989844      1802562        98.46
        3.06     0.990625      1802562       106.67
        3.06     0.991406      1802562       116.36
        3.07     0.992188      1805026       128.00
        3.07     0.992578      1805026       134.74
        3.09     0.992969      1806940       142.22
        3.09     0.993359      1806940       150.59
        3.09     0.993750      1806940       160.00
        3.10     0.994141      1808362       170.67
        3.10     0.994531      1808362       182.86
        3.12     0.994922      1809438       196.92
        3.13     0.995313      1810185       213.33
        3.15     0.995703      1810728       232.73
        3.17     0.996094      1811118       256.00
        3.18     0.996289      1811428       269.47
        3.20     0.996484      1811725       284.44
        3.21     0.996680      1811976       301.18
        3.25     0.996875      1812521       320.00
        3.26     0.997070      1812734       341.33
        3.29     0.997266      1813125       365.71
        3.33     0.997461      1813422       393.85
        3.42     0.997656      1813741       426.67
        3.65     0.997852      1814119       465.45
        3.89     0.998047      1814481       512.00
        4.00     0.998145      1814639       538.95
        4.13     0.998242      1814833       568.89
        4.25     0.998340      1815020       602.35
        4.38     0.998437      1815191       640.00
        4.51     0.998535      1815364       682.67
        4.64     0.998633      1815535       731.43
        4.77     0.998730      1815709       787.69
        4.93     0.998828      1815917       853.33
        5.05     0.998926      1816080       930.91
        5.18     0.999023      1816233      1024.00
        5.25     0.999072      1816323      1077.89
        5.31     0.999121      1816407      1137.78
        5.41     0.999170      1816528      1204.71
        5.47     0.999219      1816623      1280.00
        5.54     0.999268      1816711      1365.33
        5.60     0.999316      1816806      1462.86
        5.66     0.999365      1816879      1575.38
        5.73     0.999414      1816968      1706.67
        5.79     0.999463      1817031      1861.82
        5.89     0.999512      1817130      2048.00
        5.92     0.999536      1817159      2155.79
        5.98     0.999561      1817218      2275.56
        6.01     0.999585      1817251      2409.41
        6.08     0.999609      1817307      2560.00
        6.11     0.999634      1817350      2730.67
        6.14     0.999658      1817380      2925.71
        6.21     0.999683      1817431      3150.77
        6.27     0.999707      1817487      3413.33
        6.30     0.999731      1817515      3723.64
        6.40     0.999756      1817583      4096.00
        6.40     0.999768      1817583      4311.58
        6.46     0.999780      1817618      4551.11
        6.50     0.999792      1817632      4818.82
        6.53     0.999805      1817650      5120.00
        6.59     0.999817      1817680      5461.33
        6.62     0.999829      1817694      5851.43
        6.69     0.999841      1817714      6301.54
        6.75     0.999854      1817734      6826.67
        6.82     0.999866      1817758      7447.27
        6.88     0.999878      1817779      8192.00
        6.91     0.999884      1817791      8623.16
        6.97     0.999890      1817812      9102.22
        6.97     0.999896      1817812      9637.65
        7.04     0.999902      1817827     10240.00
        7.10     0.999908      1817837     10922.67
        7.13     0.999915      1817845     11702.86
        7.20     0.999921      1817860     12603.08
        7.23     0.999927      1817867     13653.33
        7.29     0.999933      1817881     14894.55
        7.36     0.999939      1817891     16384.00
        7.39     0.999942      1817896     17246.32
        7.42     0.999945      1817901     18204.44
        7.46     0.999948      1817906     19275.29
        7.52     0.999951      1817913     20480.00
        7.55     0.999954      1817920     21845.33
        7.58     0.999957      1817926     23405.71
        7.62     0.999960      1817932     25206.15
        7.65     0.999963      1817934     27306.67
        7.71     0.999966      1817940     29789.09
        7.78     0.999969      1817945     32768.00
        7.81     0.999971      1817951     34492.63
        7.81     0.999973      1817951     36408.89
        7.87     0.999974      1817956     38550.59
        7.87     0.999976      1817956     40960.00
        7.90     0.999977      1817962     43690.67
        7.90     0.999979      1817962     46811.43
        7.93     0.999980      1817966     50412.31
        7.97     0.999982      1817970     54613.33
        7.97     0.999983      1817970     59578.18
        8.00     0.999985      1817973     65536.00
        8.03     0.999986      1817975     68985.26
        8.06     0.999986      1817977     72817.78
        8.06     0.999987      1817977     77101.18
        8.10     0.999988      1817979     81920.00
        8.13     0.999989      1817980     87381.33
        8.16     0.999989      1817984     93622.86
        8.16     0.999990      1817984    100824.62
        8.16     0.999991      1817984    109226.67
        8.19     0.999992      1817986    119156.36
        8.26     0.999992      1817990    131072.00
        8.26     0.999993      1817990    137970.53
        8.26     0.999993      1817990    145635.56
        8.26     0.999994      1817990    154202.35
        8.26     0.999994      1817990    163840.00
        8.26     0.999994      1817990    174762.67
        8.32     0.999995      1817992    187245.71
        8.32     0.999995      1817992    201649.23
        8.32     0.999995      1817992    218453.33
        8.38     0.999996      1817995    238312.73
        8.38     0.999996      1817995    262144.00
        8.38     0.999996      1817995    275941.05
        8.38     0.999997      1817995    291271.11
        8.38     0.999997      1817995    308404.71
        8.38     0.999997      1817995    327680.00
        8.38     0.999997      1817995    349525.33
        8.45     0.999997      1817996    374491.43
        8.45     0.999998      1817996    403298.46
        8.45     0.999998      1817996    436906.67
        8.51     0.999998      1817997    476625.45
        8.51     0.999998      1817997    524288.00
        8.51     0.999998      1817997    551882.11
        8.51     0.999998      1817997    582542.22
        8.57     0.999998      1817999    616809.41
        8.57     0.999998      1817999    655360.00
        8.57     0.999999      1817999    699050.67
        8.57     0.999999      1817999    748982.86
        8.57     0.999999      1817999    806596.92
        8.57     0.999999      1817999    873813.33
        8.57     0.999999      1817999    953250.91
        8.57     0.999999      1817999   1048576.00
        8.57     0.999999      1817999   1103764.21
        8.57     0.999999      1817999   1165084.44
        8.57     0.999999      1817999   1233618.82
        8.57     0.999999      1817999   1310720.00
        8.57     0.999999      1817999   1398101.33
        8.57     0.999999      1817999   1497965.71
        8.57     0.999999      1817999   1613193.85
        8.57     0.999999      1817999   1747626.67
        8.64     0.999999      1818000   1906501.82
        8.64     1.000000      1818000          inf
#[Mean    =        1.709, StdDeviation   =        0.400]
#[Max     =        8.639, Total count    =      1818000]
#[Buckets =           10, SubBuckets     =          256]
