       Value   Percentile   TotalCount 1/(1-Percentile)

        0.06     0.000000            2         1.00
        1.47     0.050000         9483         1.05
        1.50     0.100000        20068         1.11
        1.51     0.150000        32289         1.18
        1.52     0.200000        40257         1.25
        1.53     0.250000        49276         1.33
        1.53     0.300000        59110         1.43
        1.54     0.350000        69295         1.54
        1.55     0.400000        79395         1.67
        1.56     0.450000        89259         1.82
        1.57     0.500000        98327         2.00
        1.57     0.525000        98327         2.11
        1.57     0.550000       106559         2.22
        1.57     0.575000       106559         2.35
        1.58     0.600000       113408         2.50
        1.59     0.625000       119209         2.67
        1.59     0.650000       119209         2.86
        1.60     0.675000       123828         3.08
        1.61     0.700000       127627         3.33
        1.62     0.725000       132832         3.64
        1.65     0.750000       137472         4.00
        1.66     0.762500       139456         4.21
        1.69     0.775000       141355         4.44
        1.81     0.787500       143374         4.71
        1.95     0.800000       145728         5.00
        2.00     0.812500       148166         5.33
        2.03     0.825000       150310         5.71
        2.06     0.837500       152830         6.15
        2.10     0.850000       155730         6.67
        2.11     0.862500       157255         7.27
        2.14     0.875000       160459         8.00
        2.14     0.881250       160459         8.42
        2.16     0.887500       162089         8.89
        2.17     0.893750       163703         9.41
        2.19     0.900000       165218        10.00
        2.19     0.906250       165218        10.67
        2.21     0.912500       166574        11.43
        2.22     0.918750       167834        12.31
        2.24     0.925000       168904        13.33
        2.25     0.931250       169683        14.55
        2.29     0.937500       170920        16.00
        2.30     0.940625       171307        16.84
        2.33     0.943750       171882        17.78
        2.42     0.946875       172360        18.82
        2.80     0.950000       172990        20.00
        2.85     0.953125       173696        21.33
        2.86     0.956250       174055        22.86
        2.90     0.959375       174996        24.62
        2.91     0.962500       175556        26.67
        2.93     0.965625       176164        29.09
        2.94     0.968750       176768        32.00
        2.94     0.970313       176768        33.68
        2.96     0.971875       177374        35.56
        2.96     0.973437       177374        37.65
        2.98     0.975000       177996        40.00
        2.98     0.976562       177996        42.67
        2.99     0.978125       178555        45.71
        2.99     0.979688       178555        49.23
        3.01     0.981250       179089        53.33
        3.01     0.982812       179089        58.18
        3.02     0.984375       179549        64.00
        3.02     0.985156       179549        67.37
        3.02     0.985938       179549        71.11
        3.04     0.986719       179934        75.29
        3.04     0.987500       179934        80.00
        3.04     0.988281       179934        85.33
        3.06     0.989062       180250        91.43
        3.06     0.989844       180250        98.46
        3.07     0.990625       180510       106.67
        3.07     0.991406       180510       116.36
        3.09     0.992188       180715       128.00
        3.09     0.992578       180715       134.74
        3.10     0.992969       180853       142.22
        3.10     0.993359       180853       150.59
        3.12     0.993750       180965       160.00
        3.12     0.994141       180965       170.67
        3.13     0.994531       181016       182.86
        3.17     0.994922       181106       196.92
        3.20     0.995313       181168       213.33
        3.23     0.995703       181224       232.73
        3.29     0.996094       181308       256.00
        3.33     0.996289       181331       269.47
        3.44     0.996484       181361       284.44
        3.65     0.996680       181397       301.18
        3.85     0.996875       181437       320.00
        4.05     0.997070       181470       341.33
        4.35     0.997266       181506       365.71
        4.61     0.997461       181539       393.85
        4.89     0.997656       181577       426.67
        5.21     0.997852       181614       465.45
        5.57     0.998047       181649       512.00
        5.66     0.998145       181667       538.95
        5.76     0.998242       181683       568.89
        5.89     0.998340       181699       602.35
        6.01     0.998437       181717       640.00
        6.21     0.998535       181734       682.67
        6.46     0.998633       181753       731.43
        6.69     0.998730       181770       787.69
        7.17     0.998828       181787       853.33
       12.22     0.998926       181806       930.91
       12.73     0.999023       181825      1024.00
       12.99     0.999072       181838      1077.89
       13.12     0.999121       181844      1137.78
       13.18     0.999170       181849      1204.71
       13.38     0.999219       181860      1280.00
       13.50     0.999268       181868      1365.33
       13.63     0.999316       181877      1462.86
       13.76     0.999365       181887      1575.38
       13.89     0.999414       181895      1706.67
       14.08     0.999463       181904      1861.82
       14.27     0.999512       181916      2048.00
       14.27     0.999536       181916      2155.79
       14.34     0.999561       181921      2275.56
       14.40     0.999585       181927      2409.41
       14.46     0.999609       181931      2560.00
       14.53     0.999634       181936      2730.67
       14.59     0.999658       181941      2925.71
       14.65     0.999683       181944      3150.77
       14.72     0.999707       181950      3413.33
       14.78     0.999731       181953      3723.64
       14.85     0.999756       181956      4096.00
       14.91     0.999768       181959      4311.58
       14.97     0.999780       181961      4551.11
       15.04     0.999792       181965      4818.82
       15.04     0.999805       181965      5120.00
       15.10     0.999817       181967      5461.33
       15.17     0.999829       181970      5851.43
       15.23     0.999841       181972      6301.54
       15.29     0.999854       181975      6826.67
       15.36     0.999866       181977      7447.27
       15.42     0.999878       181979      8192.00
       15.42     0.999884       181979      8623.16
       15.49     0.999890       181981      9102.22
       15.55     0.999896       181983      9637.65
       15.55     0.999902       181983     10240.00
       15.62     0.999908       181985     10922.67
       15.62     0.999915       181985     11702.86
       15.68     0.999921       181987     12603.08
       15.68     0.999927       181987     13653.33
       15.74     0.999933       181989     14894.55
       15.74     0.999939       181989     16384.00
       15.81     0.999942       181990     17246.32
       15.87     0.999945       181992     18204.44
       15.87     0.999948       181992     19275.29
       15.87     0.999951       181992     20480.00
       15.87     0.999954       181992     21845.33
       16.00     0.999957       181994     23405.71
       16.00     0.999960       181994     25206.15
       16.00     0.999963       181994     27306.67
       16.00     0.999966       181994     29789.09
       16.06     0.999969       181995     32768.00
       16.06     0.999971       181995     34492.63
       16.13     0.999973       181996     36408.89
       16.13     0.999974       181996     38550.59
       16.13     0.999976       181996     40960.00
       16.13     0.999977       181996     43690.67
       16.19     0.999979       181997     46811.43
       16.19     0.999980       181997     50412.31
       16.19     0.999982       181997     54613.33
       16.19     0.999983       181997     59578.18
       16.25     0.999985       181998     65536.00
       16.25     0.999986       181998     68985.26
       16.25     0.999986       181998     72817.78
       16.25     0.999987       181998     77101.18
       16.25     0.999988       181998     81920.00
       16.25     0.999989       181998     87381.33
       16.32     0.999989       181999     93622.86
       16.32     0.999990       181999    100824.62
       16.32     0.999991       181999    109226.67
       16.32     0.999992       181999    119156.36
       16.32     0.999992       181999    131072.00
       16.32     0.999993       181999    137970.53
       16.32     0.999993       181999    145635.56
       16.32     0.999994       181999    154202.35
       16.32     0.999994       181999    163840.00
       16.32     0.999994       181999    174762.67
       16.51     0.999995       182000    187245.71
       16.51     1.000000       182000          inf
#[Mean    =        1.724, StdDeviation   =        0.573]
#[Max     =       16.511, Total count    =       182000]
#[Buckets =           10, SubBuckets     =          256]
