       Value   Percentile   TotalCount 1/(1-Percentile)

        0.21     0.000000            1         1.00
        1.36     0.050000       235179         1.05
        1.43     0.100000       458942         1.11
        1.47     0.150000       696580         1.18
        1.52     0.200000       925347         1.25
        1.60     0.250000      1157026         1.33
        1.72     0.300000      1369312         1.43
        1.77     0.350000      1616043         1.54
        1.81     0.400000      1848911         1.67
        1.85     0.450000      2073621         1.82
        1.91     0.500000      2297577         2.00
        1.94     0.525000      2398025         2.11
        1.96     0.550000      2502743         2.22
        2.00     0.575000      2621280         2.35
        2.14     0.600000      2735882         2.50
        2.27     0.625000      2845883         2.67
        2.38     0.650000      2960298         2.86
        2.46     0.675000      3078254         3.08
        2.53     0.700000      3184663         3.33
        2.61     0.725000      3317706         3.64
        2.69     0.750000      3425915         4.00
        2.73     0.762500      3481869         4.21
        2.78     0.775000      3531074         4.44
        2.83     0.787500      3583057         4.71
        2.88     0.800000      3655292         5.00
        2.91     0.812500      3712032         5.33
        2.94     0.825000      3762364         5.71
        2.99     0.837500      3819362         6.15
        3.04     0.850000      3863769         6.67
        3.13     0.862500      3926692         7.27
        3.31     0.875000      3978902         8.00
        3.39     0.881250      4010168         8.42
        3.46     0.887500      4041448         8.89
        3.49     0.893750      4064116         9.41
        3.52     0.900000      4096876        10.00
        3.55     0.906250      4140030        10.67
        3.57     0.912500      4162940        11.43
        3.58     0.918750      4185175        12.31
        3.60     0.925000      4206618        13.33
        3.63     0.931250      4245109        14.55
        3.65     0.937500      4262706        16.00
        3.66     0.940625      4279894        16.84
        3.68     0.943750      4297509        17.78
        3.69     0.946875      4315727        18.82
        3.71     0.950000      4334312        20.00
        3.71     0.953125      4334312        21.33
        3.73     0.956250      4352917        22.86
        3.74     0.959375      4370830        24.62
        3.76     0.962500      4386450        26.67
        3.77     0.965625      4399559        29.09
        3.79     0.968750      4410321        32.00
        3.79     0.970313      4410321        33.68
        3.81     0.971875      4418897        35.56
        3.82     0.973437      4426027        37.65
        3.84     0.975000      4432137        40.00
        3.87     0.976562      4442084        42.67
        3.89     0.978125      4446400        45.71
        3.92     0.979688      4453935        49.23
        3.95     0.981250      4460081        53.33
        4.00     0.982812      4467765        58.18
        4.06     0.984375      4475013        64.00
        4.09     0.985156      4477793        67.37
        4.16     0.985938      4482719        71.11
        4.19     0.986719      4485009        75.29
        4.25     0.987500      4488731        80.00
        4.32     0.988281      4491949        85.33
        4.42     0.989062      4496257        91.43
        4.51     0.989844      4500070        98.46
        4.61     0.990625      4503069       106.67
        4.74     0.991406      4506558       116.36
        4.89     0.992188      4509959       128.00
        4.99     0.992578      4511851       134.74
        5.09     0.992969      4513466       142.22
        5.18     0.993359      4514975       150.59
        5.34     0.993750      4516863       160.00
        5.54     0.994141      4518608       170.67
        5.76     0.994531      4520175       182.86
        6.01     0.994922      4521927       196.92
        6.46     0.995313      4523777       213.33
        6.97     0.995703      4525541       232.73
        7.58     0.996094      4527255       256.00
        7.90     0.996289      4528213       269.47
        8.19     0.996484      4529077       284.44
        8.51     0.996680      4529973       301.18
        8.83     0.996875      4530843       320.00
        9.21     0.997070      4531761       341.33
        9.66     0.997266      4532608       365.71
       10.24     0.997461      4533514       393.85
       10.88     0.997656      4534396       426.67
       11.52     0.997852      4535238       465.45
       12.16     0.998047      4536214       512.00
       12.48     0.998145      4536642       538.95
       12.80     0.998242      4537093       568.89
       13.12     0.998340      4537485       602.35
       13.50     0.998437      4537953       640.00
       13.89     0.998535      4538365       682.67
       14.27     0.998633      4538813       731.43
       14.65     0.998730      4539233       787.69
       15.10     0.998828      4539686       853.33
       15.62     0.998926      4540122       930.91
       16.25     0.999023      4540587      1024.00
       16.64     0.999072      4540857      1077.89
       16.89     0.999121      4541026      1137.78
       17.28     0.999170      4541262      1204.71
       17.66     0.999219      4541494      1280.00
       18.05     0.999268      4541722      1365.33
       18.43     0.999316      4541918      1462.86
       18.82     0.999365      4542159      1575.38
       19.20     0.999414      4542361      1706.67
       19.58     0.999463      4542565      1861.82
       20.09     0.999512      4542791      2048.00
       20.35     0.999536      4542892      2155.79
       20.73     0.999561      4543038      2275.56
       20.99     0.999585      4543150      2409.41
       21.25     0.999609      4543253      2560.00
       21.50     0.999634      4543370      2730.67
       21.76     0.999658      4543472      2925.71
       22.02     0.999683      4543590      3150.77
       22.27     0.999707      4543689      3413.33
       22.53     0.999731      4543783      3723.64
       22.91     0.999756      4543909      4096.00
       23.17     0.999768      4543993      4311.58
       23.30     0.999780      4544035      4551.11
       23.42     0.999792      4544071      4818.82
       23.68     0.999805      4544147      5120.00
       23.81     0.999817      4544188      5461.33
       23.93     0.999829      4544225      5851.43
       24.19     0.999841      4544291      6301.54
       24.45     0.999854      4544355      6826.67
       24.70     0.999866      4544410      7447.27
       24.96     0.999878      4544455      8192.00
       25.09     0.999884      4544481      8623.16
       25.34     0.999890      4544515      9102.22
       25.47     0.999896      4544537      9637.65
       25.73     0.999902      4544566     10240.00
       25.98     0.999908      4544601     10922.67
       26.11     0.999915      4544620     11702.86
       26.37     0.999921      4544646     12603.08
       26.62     0.999927      4544674     13653.33
       26.88     0.999933      4544700     14894.55
       27.14     0.999939      4544724     16384.00
       27.39     0.999942      4544743     17246.32
       27.52     0.999945      4544760     18204.44
       27.65     0.999948      4544772     19275.29
       27.77     0.999951      4544783     20480.00
       27.90     0.999954      4544797     21845.33
       28.16     0.999957      4544815     23405.71
       28.29     0.999960      4544825     25206.15
       28.54     0.999963      4544836     27306.67
       28.93     0.999966      4544852     29789.09
       29.18     0.999969      4544862     32768.00
       29.44     0.999971      4544871     34492.63
       29.70     0.999973      4544877     36408.89
       29.95     0.999974      4544884     38550.59
       30.08     0.999976      4544891     40960.00
       30.34     0.999977      4544896     43690.67
       30.59     0.999979      4544904     46811.43
       31.10     0.999980      4544912     50412.31
       31.36     0.999982      4544917     54613.33
       31.87     0.999983      4544924     59578.18
       32.38     0.999985      4544931     65536.00
       32.77     0.999986      4544935     68985.26
       33.02     0.999986      4544939     72817.78
       33.28     0.999987      4544943     77101.18
       33.53     0.999988      4544949     81920.00
       33.53     0.999989      4544949     87381.33
       33.79     0.999989      4544953     93622.86
       34.05     0.999990      4544956    100824.62
       34.81     0.999991      4544959    109226.67
       41.98     0.999992      4544970    119156.36
       41.98     0.999992      4544970    131072.00
       41.98     0.999993      4544970    137970.53
       41.98     0.999993      4544970    145635.56
       42.75     0.999994      4544972    154202.35
       43.01     0.999994      4544974    163840.00
       43.01     0.999994      4544974    174762.67
       44.03     0.999995      4544982    187245.71
       44.03     0.999995      4544982    201649.23
       44.03     0.999995      4544982    218453.33
       44.03     0.999996      4544982    238312.73
       44.29     0.999996      4544995    262144.00
       44.29     0.999996      4544995    275941.05
       44.29     0.999997      4544995    291271.11
       44.29     0.999997      4544995    308404.71
       44.29     0.999997      4544995    327680.00
       44.29     0.999997      4544995    349525.33
       44.29     0.999997      4544995    374491.43
       44.29     0.999998      4544995    403298.46
       44.29     0.999998      4544995    436906.67
       44.29     0.999998      4544995    476625.45
       44.29     0.999998      4544995    524288.00
       44.29     0.999998      4544995    551882.11
       44.29     0.999998      4544995    582542.22
       44.29     0.999998      4544995    616809.41
       44.29     0.999998      4544995    655360.00
       44.29     0.999999      4544995    699050.67
       44.29     0.999999      4544995    748982.86
       44.29     0.999999      4544995    806596.92
       44.29     0.999999      4544995    873813.33
       44.54     0.999999      4545000    953250.91
       44.54     1.000000      4545000          inf
#[Mean    =        2.231, StdDeviation   =        1.096]
#[Max     =       44.543, Total count    =      4545000]
#[Buckets =           10, SubBuckets     =          256]
