       Value   Percentile   TotalCount 1/(1-Percentile)

        0.21     0.000000            1         1.00
        1.36     0.050000        23606         1.05
        1.43     0.100000        46091         1.11
        1.47     0.150000        69905         1.18
        1.52     0.200000        92665         1.25
        1.60     0.250000       115854         1.33
        1.72     0.300000       137057         1.43
        1.77     0.350000       161803         1.54
        1.81     0.400000       184841         1.67
        1.85     0.450000       207171         1.82
        1.91     0.500000       229562         2.00
        1.94     0.525000       239518         2.11
        1.97     0.550000       253246         2.22
        2.00     0.575000       262206         2.35
        2.14     0.600000       273832         2.50
        2.27     0.625000       284876         2.67
        2.38     0.650000       296299         2.86
        2.46     0.675000       308104         3.08
        2.53     0.700000       318841         3.33
        2.61     0.725000       332037         3.64
        2.69     0.750000       342913         4.00
        2.73     0.762500       348486         4.21
        2.78     0.775000       353255         4.44
        2.83     0.787500       358461         4.71
        2.88     0.800000       365794         5.00
        2.91     0.812500       371490         5.33
        2.94     0.825000       376439         5.71
        2.99     0.837500       382144         6.15
        3.06     0.850000       387926         6.67
        3.13     0.862500       392902         7.27
        3.33     0.875000       398634         8.00
        3.39     0.881250       401095         8.42
        3.46     0.887500       404122         8.89
        3.50     0.893750       407829         9.41
        3.52     0.900000       409562        10.00
        3.55     0.906250       413950        10.67
        3.57     0.912500       416271        11.43
        3.58     0.918750       418480        12.31
        3.62     0.925000       422558        13.33
        3.63     0.931250       424359        14.55
        3.66     0.937500       427816        16.00
        3.68     0.940625       429665        16.84
        3.68     0.943750       429665        17.78
        3.69     0.946875       431524        18.82
        3.71     0.950000       433388        20.00
        3.73     0.953125       435268        21.33
        3.73     0.956250       435268        22.86
        3.74     0.959375       437031        24.62
        3.76     0.962500       438584        26.67
        3.77     0.965625       439902        29.09
        3.79     0.968750       441044        32.00
        3.81     0.970313       441883        33.68
        3.82     0.971875       442584        35.56
        3.84     0.973437       443230        37.65
        3.85     0.975000       443745        40.00
        3.89     0.976562       444647        42.67
        3.90     0.978125       445065        45.71
        3.94     0.979688       445781        49.23
        3.98     0.981250       446666        53.33
        4.03     0.982812       447328        58.18
        4.09     0.984375       447937        64.00
        4.16     0.985156       448422        67.37
        4.19     0.985938       448646        71.11
        4.25     0.986719       449044        75.29
        4.32     0.987500       449322        80.00
        4.42     0.988281       449733        85.33
        4.51     0.989062       450125        91.43
        4.61     0.989844       450408        98.46
        4.74     0.990625       450746       106.67
        4.93     0.991406       451133       116.36
        5.12     0.992188       451498       128.00
        5.25     0.992578       451663       134.74
        5.41     0.992969       451820       142.22
        5.57     0.993359       451979       150.59
        5.79     0.993750       452179       160.00
        6.05     0.994141       452337       170.67
        6.50     0.994531       452521       182.86
        7.04     0.994922       452695       196.92
        7.52     0.995313       452876       213.33
        8.13     0.995703       453055       232.73
        8.83     0.996094       453244       256.00
        9.15     0.996289       453323       269.47
        9.66     0.996484       453410       284.44
       10.11     0.996680       453499       301.18
       10.62     0.996875       453589       320.00
       11.07     0.997070       453668       341.33
       11.78     0.997266       453762       365.71
       12.29     0.997461       453855       393.85
       12.93     0.997656       453940       426.67
       13.70     0.997852       454026       465.45
       14.53     0.998047       454113       512.00
       15.04     0.998145       454161       538.95
       15.55     0.998242       454201       568.89
       16.00     0.998340       454249       602.35
       16.51     0.998437       454295       640.00
       17.15     0.998535       454334       682.67
       18.05     0.998633       454383       731.43
       18.82     0.998730       454428       787.69
       19.58     0.998828       454478       853.33
       20.22     0.998926       454513       930.91
       21.38     0.999023       454559      1024.00
       21.89     0.999072       454581      1077.89
       22.40     0.999121       454602      1137.78
       22.91     0.999170       454627      1204.71
       23.55     0.999219       454648      1280.00
       23.93     0.999268       454670      1365.33
       24.06     0.999316       454693      1462.86
       24.32     0.999365       454712      1575.38
       24.83     0.999414       454763      1706.67
       24.83     0.999463       454763      1861.82
       24.96     0.999512       454788      2048.00
       25.09     0.999536       454789      2155.79
       25.21     0.999561       454801      2275.56
       25.34     0.999585       454812      2409.41
       25.47     0.999609       454823      2560.00
       25.60     0.999634       454843      2730.67
       25.73     0.999658       454855      2925.71
       25.86     0.999683       454875      3150.77
       25.86     0.999707       454875      3413.33
       25.98     0.999731       454898      3723.64
       25.98     0.999756       454898      4096.00
       25.98     0.999768       454898      4311.58
       26.11     0.999780       454901      4551.11
       26.37     0.999792       454909      4818.82
       26.50     0.999805       454924      5120.00
       26.50     0.999817       454924      5461.33
       26.50     0.999829       454924      5851.43
       26.75     0.999841       454935      6301.54
       26.75     0.999854       454935      6826.67
       26.88     0.999866       454951      7447.27
       26.88     0.999878       454951      8192.00
       26.88     0.999884       454951      8623.16
       26.88     0.999890       454951      9102.22
       27.14     0.999896       454953      9637.65
       27.26     0.999902       454961     10240.00
       27.26     0.999908       454961     10922.67
       27.39     0.999915       454965     11702.86
       27.39     0.999921       454965     12603.08
       27.52     0.999927       454967     13653.33
       28.16     0.999933       454970     14894.55
       28.54     0.999939       454973     16384.00
       28.93     0.999942       454974     17246.32
       29.18     0.999945       454979     18204.44
       29.18     0.999948       454979     19275.29
       29.18     0.999951       454979     20480.00
       29.31     0.999954       454980     21845.33
       29.44     0.999957       454981     23405.71
       29.57     0.999960       454983     25206.15
       29.82     0.999963       454984     27306.67
       29.95     0.999966       454985     29789.09
       30.59     0.999969       454987     32768.00
       30.59     0.999971       454987     34492.63
       30.85     0.999973       454988     36408.89
       31.49     0.999974       454989     38550.59
       31.49     0.999976       454989     40960.00
       31.87     0.999977       454991     43690.67
       31.87     0.999979       454991     46811.43
       31.87     0.999980       454991     50412.31
       32.51     0.999982       454993     54613.33
       32.51     0.999983       454993     59578.18
       32.77     0.999985       454994     65536.00
       32.77     0.999986       454994     68985.26
       32.77     0.999986       454994     72817.78
       33.79     0.999987       454995     77101.18
       33.79     0.999988       454995     81920.00
       33.79     0.999989       454995     87381.33
       41.98     0.999989       454997     93622.86
       41.98     0.999990       454997    100824.62
       41.98     0.999991       454997    109226.67
       41.98     0.999992       454997    119156.36
       41.98     0.999992       454997    131072.00
       41.98     0.999993       454997    137970.53
       41.98     0.999993       454997    145635.56
       43.01     0.999994       454998    154202.35
       43.01     0.999994       454998    163840.00
       43.01     0.999994       454998    174762.67
       43.01     0.999995       454998    187245.71
       43.01     0.999995       454998    201649.23
       43.01     0.999995       454998    218453.33
       43.52     0.999996       454999    238312.73
       43.52     0.999996       454999    262144.00
       43.52     0.999996       454999    275941.05
       43.52     0.999997       454999    291271.11
       43.52     0.999997       454999    308404.71
       43.52     0.999997       454999    327680.00
       43.52     0.999997       454999    349525.33
       43.52     0.999997       454999    374491.43
       43.52     0.999998       454999    403298.46
       43.52     0.999998       454999    436906.67
       44.54     0.999998       455000    476625.45
       44.54     1.000000       455000          inf
#[Mean    =        2.247, StdDeviation   =        1.244]
#[Max     =       44.543, Total count    =       455000]
#[Buckets =           10, SubBuckets     =          256]
