       Value   Percentile   TotalCount 1/(1-Percentile)

        0.08     0.000000            1         1.00
        2.77     0.050000        24676         1.05
        2.81     0.100000        46166         1.11
        2.85     0.150000       100649         1.18
        2.85     0.200000       100649         1.25
        2.86     0.250000       146837         1.33
        2.86     0.300000       146837         1.43
        2.88     0.350000       204077         1.54
        2.88     0.400000       204077         1.67
        2.90     0.450000       261597         1.82
        2.90     0.500000       261597         2.00
        2.90     0.525000       261597         2.11
        2.90     0.550000       261597         2.22
        2.91     0.575000       308261         2.35
        2.91     0.600000       308261         2.50
        2.91     0.625000       308261         2.67
        2.91     0.650000       308261         2.86
        2.91     0.675000       308261         3.08
        2.93     0.700000       342026         3.33
        2.93     0.725000       342026         3.64
        2.93     0.750000       342026         4.00
        2.94     0.762500       365372         4.21
        2.94     0.775000       365372         4.44
        2.94     0.787500       365372         4.71
        2.94     0.800000       365372         5.00
        2.96     0.812500       379132         5.33
        2.96     0.825000       379132         5.71
        2.98     0.837500       385388         6.15
        2.99     0.850000       389264         6.67
        3.02     0.862500       394725         7.27
        3.07     0.875000       399120         8.00
        3.12     0.881250       401161         8.42
        3.23     0.887500       403938         8.89
        3.26     0.893750       407543         9.41
        3.28     0.900000       411456        10.00
        3.29     0.906250       413989        10.67
        3.33     0.912500       415492        11.43
        3.39     0.918750       420445        12.31
        3.41     0.925000       425342        13.33
        3.41     0.931250       425342        14.55
        3.42     0.937500       430516        16.00
        3.42     0.940625       430516        16.84
        3.42     0.943750       430516        17.78
        3.44     0.946875       433832        18.82
        3.44     0.950000       433832        20.00
        3.44     0.953125       433832        21.33
        3.46     0.956250       436510        22.86
        3.47     0.959375       438374        24.62
        3.47     0.962500       438374        26.67
        3.50     0.965625       439582        29.09
        3.57     0.968750       442242        32.00
        3.57     0.970313       442242        33.68
        3.57     0.971875       442242        35.56
        3.58     0.973437       444682        37.65
        3.58     0.975000       444682        40.00
        3.58     0.976562       444682        42.67
        3.60     0.978125       446671        45.71
        3.60     0.979688       446671        49.23
        3.60     0.981250       446671        53.33
        3.62     0.982812       447386        58.18
        3.65     0.984375       447925        64.00
        3.69     0.985156       448333        67.37
        3.77     0.985938       448624        71.11
        3.84     0.986719       449018        75.29
        3.92     0.987500       449399        80.00
        3.97     0.988281       449783        85.33
        4.00     0.989062       450067        91.43
        4.06     0.989844       450395        98.46
        4.22     0.990625       450778       106.67
        4.51     0.991406       451096       116.36
        4.99     0.992188       451466       128.00
        5.25     0.992578       451631       134.74
        5.66     0.992969       451803       142.22
        6.11     0.993359       451982       150.59
        6.59     0.993750       452160       160.00
        6.97     0.994141       452340       170.67
        7.52     0.994531       452516       182.86
        8.16     0.994922       452695       196.92
        8.70     0.995313       452879       213.33
        9.21     0.995703       453055       232.73
       10.05     0.996094       453229       256.00
       10.37     0.996289       453313       269.47
       10.69     0.996484       453405       284.44
       11.26     0.996680       453494       301.18
       11.78     0.996875       453582       320.00
       12.16     0.997070       453670       341.33
       12.73     0.997266       453767       365.71
       13.18     0.997461       453847       393.85
       13.76     0.997656       453943       426.67
       14.34     0.997852       454038       465.45
       14.65     0.998047       454122       512.00
       14.85     0.998145       454163       538.95
       14.97     0.998242       454220       568.89
       15.17     0.998340       454256       602.35
       15.42     0.998437       454292       640.00
       15.62     0.998535       454336       682.67
       15.87     0.998633       454379       731.43
       16.13     0.998730       454430       787.69
       16.38     0.998828       454474       853.33
       16.64     0.998926       454518       930.91
       17.02     0.999023       454566      1024.00
       17.15     0.999072       454587      1077.89
       17.41     0.999121       454612      1137.78
       17.54     0.999170       454631      1204.71
       17.66     0.999219       454648      1280.00
       17.79     0.999268       454667      1365.33
       18.05     0.999316       454708      1462.86
       18.18     0.999365       454721      1575.38
       18.43     0.999414       454739      1706.67
       18.69     0.999463       454757      1861.82
       19.20     0.999512       454780      2048.00
       19.45     0.999536       454793      2155.79
       19.97     0.999561       454801      2275.56
       20.73     0.999585       454820      2409.41
       20.99     0.999609       454825      2560.00
       21.50     0.999634       454835      2730.67
       22.14     0.999658       454850      2925.71
       22.66     0.999683       454858      3150.77
       23.30     0.999707       454870      3413.33
       23.68     0.999731       454878      3723.64
       24.32     0.999756       454891      4096.00
       24.57     0.999768       454895      4311.58
       24.96     0.999780       454901      4551.11
       25.34     0.999792       454906      4818.82
       25.73     0.999805       454914      5120.00
       25.98     0.999817       454917      5461.33
       26.37     0.999829       454923      5851.43
       26.75     0.999841       454929      6301.54
       27.01     0.999854       454935      6826.67
       27.52     0.999866       454940      7447.27
       27.65     0.999878       454946      8192.00
       27.77     0.999884       454948      8623.16
       27.90     0.999890       454951      9102.22
       28.29     0.999896       454953      9637.65
       28.41     0.999902       454961     10240.00
       28.41     0.999908       454961     10922.67
       28.54     0.999915       454963     11702.86
       28.93     0.999921       454964     12603.08
       29.05     0.999927       454970     13653.33
       29.05     0.999933       454970     14894.55
       29.44     0.999939       454975     16384.00
       29.44     0.999942       454975     17246.32
       29.57     0.999945       454979     18204.44
       29.57     0.999948       454979     19275.29
       29.57     0.999951       454979     20480.00
       29.70     0.999954       454982     21845.33
       29.70     0.999957       454982     23405.71
       29.70     0.999960       454982     25206.15
       29.95     0.999963       454985     27306.67
       29.95     0.999966       454985     29789.09
       30.46     0.999969       454987     32768.00
       30.46     0.999971       454987     34492.63
       30.59     0.999973       454988     36408.89
       30.72     0.999974       454989     38550.59
       30.72     0.999976       454989     40960.00
       30.85     0.999977       454990     43690.67
       30.98     0.999979       454991     46811.43
       30.98     0.999980       454991     50412.31
       31.23     0.999982       454992     54613.33
       31.49     0.999983       454993     59578.18
       31.61     0.999985       454994     65536.00
       31.61     0.999986       454994     68985.26
       31.61     0.999986       454994     72817.78
       31.87     0.999987       454995     77101.18
       31.87     0.999988       454995     81920.00
       31.87     0.999989       454995     87381.33
       32.00     0.999989       454998     93622.86
       32.00     0.999990       454998    100824.62
       32.00     0.999991       454998    109226.67
       32.00     0.999992       454998    119156.36
       32.00     0.999992       454998    131072.00
       32.00     0.999993       454998    137970.53
       32.00     0.999993       454998    145635.56
       32.00     0.999994       454998    154202.35
       32.00     0.999994       454998    163840.00
       32.00     0.999994       454998    174762.67
       32.00     0.999995       454998    187245.71
       32.00     0.999995       454998    201649.23
       32.00     0.999995       454998    218453.33
       32.77     0.999996       454999    238312.73
       32.77     0.999996       454999    262144.00
       32.77     0.999996       454999    275941.05
       32.77     0.999997       454999    291271.11
       32.77     0.999997       454999    308404.71
       32.77     0.999997       454999    327680.00
       32.77     0.999997       454999    349525.33
       32.77     0.999997       454999    374491.43
       32.77     0.999998       454999    403298.46
       32.77     0.999998       454999    436906.67
       33.28     0.999998       455000    476625.45
       33.28     1.000000       455000          inf
#[Mean    =        2.985, StdDeviation   =        0.907]
#[Max     =       33.279, Total count    =       455000]
#[Buckets =           10, SubBuckets     =          256]
