       Value   Percentile   TotalCount 1/(1-Percentile)

        0.08     0.000000            1         1.00
        2.77     0.050000       266794         1.05
        2.81     0.100000       505657         1.11
        2.85     0.150000      1119954         1.18
        2.85     0.200000      1119954         1.25
        2.86     0.250000      1640362         1.33
        2.86     0.300000      1640362         1.43
        2.88     0.350000      2273704         1.54
        2.88     0.400000      2273704         1.67
        2.88     0.450000      2273704         1.82
        2.90     0.500000      2903655         2.00
        2.90     0.525000      2903655         2.11
        2.90     0.550000      2903655         2.22
        2.90     0.575000      2903655         2.35
        2.91     0.600000      3409526         2.50
        2.91     0.625000      3409526         2.67
        2.91     0.650000      3409526         2.86
        2.91     0.675000      3409526         3.08
        2.93     0.700000      3784403         3.33
        2.93     0.725000      3784403         3.64
        2.93     0.750000      3784403         4.00
        2.94     0.762500      4037986         4.21
        2.94     0.775000      4037986         4.44
        2.94     0.787500      4037986         4.71
        2.94     0.800000      4037986         5.00
        2.96     0.812500      4182145         5.33
        2.96     0.825000      4182145         5.71
        2.98     0.837500      4246993         6.15
        2.99     0.850000      4286609         6.67
        3.01     0.862500      4318582         7.27
        3.06     0.875000      4378569         8.00
        3.12     0.881250      4410447         8.42
        3.23     0.887500      4439559         8.89
        3.26     0.893750      4479712         9.41
        3.28     0.900000      4522412        10.00
        3.29     0.906250      4549251        10.67
        3.33     0.912500      4566042        11.43
        3.39     0.918750      4620195        12.31
        3.41     0.925000      4674352        13.33
        3.41     0.931250      4674352        14.55
        3.42     0.937500      4730948        16.00
        3.42     0.940625      4730948        16.84
        3.42     0.943750      4730948        17.78
        3.44     0.946875      4767279        18.82
        3.44     0.950000      4767279        20.00
        3.44     0.953125      4767279        21.33
        3.46     0.956250      4797410        22.86
        3.46     0.959375      4797410        24.62
        3.47     0.962500      4816950        26.67
        3.50     0.965625      4828997        29.09
        3.57     0.968750      4858960        32.00
        3.57     0.970313      4858960        33.68
        3.58     0.971875      4885269        35.56
        3.58     0.973437      4885269        37.65
        3.58     0.975000      4885269        40.00
        3.58     0.976562      4885269        42.67
        3.60     0.978125      4906842        45.71
        3.60     0.979688      4906842        49.23
        3.60     0.981250      4906842        53.33
        3.62     0.982812      4914869        58.18
        3.66     0.984375      4922667        64.00
        3.71     0.985156      4926198        67.37
        3.79     0.985938      4929924        71.11
        3.85     0.986719      4934143        75.29
        3.92     0.987500      4937643        80.00
        3.97     0.988281      4941943        85.33
        4.01     0.989062      4945549        91.43
        4.09     0.989844      4949771        98.46
        4.32     0.990625      4953651       106.67
        4.64     0.991406      4957410       116.36
        5.09     0.992188      4960965       128.00
        5.34     0.992578      4962981       134.74
        5.73     0.992969      4964917       142.22
        6.14     0.993359      4966899       150.59
        6.62     0.993750      4968882       160.00
        7.13     0.994141      4970893       170.67
        7.62     0.994531      4972678       182.86
        8.32     0.994922      4974689       196.92
        8.96     0.995313      4976698       213.33
        9.66     0.995703      4978567       232.73
       10.43     0.996094      4980572       256.00
       10.75     0.996289      4981500       269.47
       11.13     0.996484      4982428       284.44
       11.58     0.996680      4983507       301.18
       11.97     0.996875      4984455       320.00
       12.29     0.997070      4985621       341.33
       12.61     0.997266      4986331       365.71
       13.12     0.997461      4987368       393.85
       13.57     0.997656      4988381       426.67
       14.14     0.997852      4989349       465.45
       14.59     0.998047      4990349       512.00
       14.78     0.998145      4990777       538.95
       15.04     0.998242      4991308       568.89
       15.23     0.998340      4991749       602.35
       15.49     0.998437      4992287       640.00
       15.74     0.998535      4992760       682.67
       16.00     0.998633      4993262       731.43
       16.19     0.998730      4993716       787.69
       16.51     0.998828      4994281       853.33
       16.77     0.998926      4994665       930.91
       17.15     0.999023      4995224      1024.00
       17.28     0.999072      4995459      1077.89
       17.41     0.999121      4995650      1137.78
       17.66     0.999170      4995987      1204.71
       17.79     0.999219      4996157      1280.00
       18.05     0.999268      4996449      1365.33
       18.18     0.999316      4996640      1462.86
       18.43     0.999365      4996919      1575.38
       18.69     0.999414      4997150      1706.67
       19.07     0.999463      4997433      1861.82
       19.58     0.999512      4997596      2048.00
       19.97     0.999536      4997734      2155.79
       20.09     0.999561      4997874      2275.56
       20.22     0.999585      4997983      2409.41
       20.48     0.999609      4998058      2560.00
       20.86     0.999634      4998200      2730.67
       21.50     0.999658      4998323      2925.71
       22.14     0.999683      4998442      3150.77
       22.78     0.999707      4998561      3413.33
       23.42     0.999731      4998682      3723.64
       24.06     0.999756      4998799      4096.00
       24.32     0.999768      4998856      4311.58
       24.70     0.999780      4998918      4551.11
       24.96     0.999792      4998982      4818.82
       25.34     0.999805      4999037      5120.00
       25.60     0.999817      4999098      5461.33
       25.98     0.999829      4999148      5851.43
       26.37     0.999841      4999225      6301.54
       26.62     0.999854      4999268      6826.67
       27.01     0.999866      4999336      7447.27
       27.39     0.999878      4999396      8192.00
       27.65     0.999884      4999444      8623.16
       27.77     0.999890      4999464      9102.22
       27.90     0.999896      4999485      9637.65
       28.16     0.999902      4999512     10240.00
       28.41     0.999908      4999560     10922.67
       28.54     0.999915      4999579     11702.86
       28.80     0.999921      4999614     12603.08
       29.05     0.999927      4999655     13653.33
       29.18     0.999933      4999679     14894.55
       29.31     0.999939      4999698     16384.00
       29.44     0.999942      4999714     17246.32
       29.57     0.999945      4999735     18204.44
       29.70     0.999948      4999755     19275.29
       29.82     0.999951      4999769     20480.00
       29.95     0.999954      4999783     21845.33
       30.08     0.999957      4999800     23405.71
       30.21     0.999960      4999818     25206.15
       30.21     0.999963      4999818     27306.67
       30.46     0.999966      4999840     29789.09
       30.59     0.999969      4999850     32768.00
       30.72     0.999971      4999864     34492.63
       30.72     0.999973      4999864     36408.89
       30.85     0.999974      4999877     38550.59
       30.98     0.999976      4999887     40960.00
       30.98     0.999977      4999887     43690.67
       31.10     0.999979      4999896     46811.43
       31.23     0.999980      4999909     50412.31
       31.23     0.999982      4999909     54613.33
       31.49     0.999983      4999924     59578.18
       31.49     0.999985      4999924     65536.00
       31.61     0.999986      4999936     68985.26
       31.61     0.999986      4999936     72817.78
       31.61     0.999987      4999936     77101.18
       31.74     0.999988      4999939     81920.00
       31.87     0.999989      4999946     87381.33
       32.00     0.999989      4999951     93622.86
       32.00     0.999990      4999951    100824.62
       32.26     0.999991      4999957    109226.67
       32.38     0.999992      4999962    119156.36
       32.38     0.999992      4999962    131072.00
       32.51     0.999993      4999966    137970.53
       32.51     0.999993      4999966    145635.56
       32.64     0.999994      4999970    154202.35
       32.64     0.999994      4999970    163840.00
       32.77     0.999994      4999972    174762.67
       33.02     0.999995      4999978    187245.71
       33.02     0.999995      4999978    201649.23
       33.02     0.999995      4999978    218453.33
       33.28     0.999996      4999982    238312.73
       33.28     0.999996      4999982    262144.00
       33.28     0.999996      4999982    275941.05
       33.53     0.999997      4999987    291271.11
       33.53     0.999997      4999987    308404.71
       33.53     0.999997      4999987    327680.00
       33.53     0.999997      4999987    349525.33
       33.53     0.999997      4999987    374491.43
       33.79     0.999998      4999988    403298.46
       34.05     0.999998      4999991    436906.67
       34.05     0.999998      4999991    476625.45
       34.05     0.999998      4999991    524288.00
       34.05     0.999998      4999991    551882.11
       34.30     0.999998      4999992    582542.22
       34.30     0.999998      4999992    616809.41
       34.56     0.999998      4999993    655360.00
       34.56     0.999999      4999993    699050.67
      206.85     0.999999      5000000    748982.86
      206.85     1.000000      5000000          inf
#[Mean    =        2.987, StdDeviation   =        0.942]
#[Max     =      206.847, Total count    =      5000000]
#[Buckets =           10, SubBuckets     =          256]
