       Value   Percentile   TotalCount 1/(1-Percentile)

        0.10     0.000000            5         1.00
        2.77     0.050000       242118         1.05
        2.81     0.100000       459491         1.11
        2.85     0.150000      1019305         1.18
        2.85     0.200000      1019305         1.25
        2.86     0.250000      1493525         1.33
        2.86     0.300000      1493525         1.43
        2.88     0.350000      2069627         1.54
        2.88     0.400000      2069627         1.67
        2.88     0.450000      2069627         1.82
        2.90     0.500000      2642058         2.00
        2.90     0.525000      2642058         2.11
        2.90     0.550000      2642058         2.22
        2.90     0.575000      2642058         2.35
        2.91     0.600000      3101265         2.50
        2.91     0.625000      3101265         2.67
        2.91     0.650000      3101265         2.86
        2.91     0.675000      3101265         3.08
        2.93     0.700000      3442377         3.33
        2.93     0.725000      3442377         3.64
        2.93     0.750000      3442377         4.00
        2.94     0.762500      3672614         4.21
        2.94     0.775000      3672614         4.44
        2.94     0.787500      3672614         4.71
        2.94     0.800000      3672614         5.00
        2.96     0.812500      3803013         5.33
        2.96     0.825000      3803013         5.71
        2.98     0.837500      3861605         6.15
        2.99     0.850000      3897345         6.67
        3.01     0.862500      3926386         7.27
        3.06     0.875000      3980569         8.00
        3.12     0.881250      4009286         8.42
        3.23     0.887500      4035621         8.89
        3.26     0.893750      4072169         9.41
        3.28     0.900000      4110956        10.00
        3.29     0.906250      4135262        10.67
        3.33     0.912500      4150550        11.43
        3.39     0.918750      4199750        12.31
        3.41     0.925000      4249010        13.33
        3.41     0.931250      4249010        14.55
        3.42     0.937500      4300432        16.00
        3.42     0.940625      4300432        16.84
        3.42     0.943750      4300432        17.78
        3.44     0.946875      4333447        18.82
        3.44     0.950000      4333447        20.00
        3.44     0.953125      4333447        21.33
        3.46     0.956250      4360900        22.86
        3.46     0.959375      4360900        24.62
        3.47     0.962500      4378576        26.67
        3.50     0.965625      4389415        29.09
        3.57     0.968750      4416718        32.00
        3.57     0.970313      4416718        33.68
        3.58     0.971875      4440587        35.56
        3.58     0.973437      4440587        37.65
        3.58     0.975000      4440587        40.00
        3.58     0.976562      4440587        42.67
        3.60     0.978125      4460171        45.71
        3.60     0.979688      4460171        49.23
        3.60     0.981250      4460171        53.33
        3.62     0.982812      4467483        58.18
        3.66     0.984375      4474539        64.00
        3.71     0.985156      4477800        67.37
        3.79     0.985938      4481229        71.11
        3.85     0.986719      4485039        75.29
        3.92     0.987500      4488244        80.00
        3.97     0.988281      4492160        85.33
        4.01     0.989062      4495408        91.43
        4.09     0.989844      4499247        98.46
        4.32     0.990625      4502737       106.67
        4.64     0.991406      4506223       116.36
        5.12     0.992188      4509707       128.00
        5.34     0.992578      4511302       134.74
        5.73     0.992969      4513076       142.22
        6.14     0.993359      4514903       150.59
        6.62     0.993750      4516699       160.00
        7.13     0.994141      4518487       170.67
        7.62     0.994531      4520147       182.86
        8.32     0.994922      4521941       196.92
        8.96     0.995313      4523722       213.33
        9.73     0.995703      4525577       232.73
       10.49     0.996094      4527392       256.00
       10.81     0.996289      4528223       269.47
       11.20     0.996484      4529118       284.44
       11.58     0.996680      4529961       301.18
       11.97     0.996875      4530841       320.00
       12.29     0.997070      4531934       341.33
       12.61     0.997266      4532584       365.71
       13.12     0.997461      4533539       393.85
       13.50     0.997656      4534356       426.67
       14.08     0.997852      4535261       465.45
       14.53     0.998047      4536135       512.00
       14.78     0.998145      4536623       538.95
       15.04     0.998242      4537076       568.89
       15.23     0.998340      4537485       602.35
       15.49     0.998437      4537980       640.00
       15.74     0.998535      4538402       682.67
       16.00     0.998633      4538863       731.43
       16.19     0.998730      4539271       787.69
       16.51     0.998828      4539783       853.33
       16.77     0.998926      4540131       930.91
       17.15     0.999023      4540637      1024.00
       17.28     0.999072      4540860      1077.89
       17.41     0.999121      4541038      1137.78
       17.66     0.999170      4541339      1204.71
       17.79     0.999219      4541490      1280.00
       18.05     0.999268      4541741      1365.33
       18.18     0.999316      4541919      1462.86
       18.43     0.999365      4542180      1575.38
       18.69     0.999414      4542393      1706.67
       19.07     0.999463      4542656      1861.82
       19.58     0.999512      4542801      2048.00
       19.97     0.999536      4542933      2155.79
       20.09     0.999561      4543068      2275.56
       20.22     0.999585      4543175      2409.41
       20.48     0.999609      4543249      2560.00
       20.73     0.999634      4543344      2730.67
       21.38     0.999658      4543454      2925.71
       22.02     0.999683      4543567      3150.77
       22.66     0.999707      4543676      3413.33
       23.30     0.999731      4543782      3723.64
       23.93     0.999756      4543892      4096.00
       24.32     0.999768      4543965      4311.58
       24.57     0.999780      4544003      4551.11
       24.96     0.999792      4544081      4818.82
       25.21     0.999805      4544117      5120.00
       25.60     0.999817      4544189      5461.33
       25.98     0.999829      4544231      5851.43
       26.24     0.999841      4544282      6301.54
       26.62     0.999854      4544341      6826.67
       27.01     0.999866      4544401      7447.27
       27.39     0.999878      4544458      8192.00
       27.52     0.999884      4544476      8623.16
       27.77     0.999890      4544516      9102.22
       27.90     0.999896      4544534      9637.65
       28.16     0.999902      4544560     10240.00
       28.29     0.999908      4544587     10922.67
       28.54     0.999915      4544616     11702.86
       28.80     0.999921      4544651     12603.08
       29.05     0.999927      4544685     13653.33
       29.18     0.999933      4544707     14894.55
       29.31     0.999939      4544726     16384.00
       29.44     0.999942      4544739     17246.32
       29.57     0.999945      4544756     18204.44
       29.70     0.999948      4544773     19275.29
       29.82     0.999951      4544786     20480.00
       29.95     0.999954      4544798     21845.33
       30.08     0.999957      4544814     23405.71
       30.21     0.999960      4544832     25206.15
       30.34     0.999963      4544842     27306.67
       30.46     0.999966      4544853     29789.09
       30.59     0.999969      4544862     32768.00
       30.72     0.999971      4544875     34492.63
       30.85     0.999973      4544887     36408.89
       30.85     0.999974      4544887     38550.59
       30.98     0.999976      4544896     40960.00
       30.98     0.999977      4544896     43690.67
       31.10     0.999979      4544905     46811.43
       31.23     0.999980      4544917     50412.31
       31.23     0.999982      4544917     54613.33
       31.49     0.999983      4544931     59578.18
       31.49     0.999985      4544931     65536.00
       31.61     0.999986      4544942     68985.26
       31.61     0.999986      4544942     72817.78
       31.61     0.999987      4544942     77101.18
       31.74     0.999988      4544945     81920.00
       31.87     0.999989      4544951     87381.33
       32.00     0.999989      4544953     93622.86
       32.13     0.999990      4544956    100824.62
       32.26     0.999991      4544959    109226.67
       32.38     0.999992      4544964    119156.36
       32.51     0.999992      4544968    131072.00
       32.51     0.999993      4544968    137970.53
       32.64     0.999993      4544972    145635.56
       32.64     0.999994      4544972    154202.35
       32.77     0.999994      4544973    163840.00
       33.02     0.999994      4544979    174762.67
       33.02     0.999995      4544979    187245.71
       33.02     0.999995      4544979    201649.23
       33.28     0.999995      4544982    218453.33
       33.28     0.999996      4544982    238312.73
       33.53     0.999996      4544987    262144.00
       33.53     0.999996      4544987    275941.05
       33.53     0.999997      4544987    291271.11
       33.53     0.999997      4544987    308404.71
       33.53     0.999997      4544987    327680.00
       33.53     0.999997      4544987    349525.33
       33.79     0.999997      4544988    374491.43
       34.05     0.999998      4544991    403298.46
       34.05     0.999998      4544991    436906.67
       34.05     0.999998      4544991    476625.45
       34.30     0.999998      4544992    524288.00
       34.30     0.999998      4544992    551882.11
       34.56     0.999998      4544993    582542.22
       34.56     0.999998      4544993    616809.41
      206.85     0.999998      4545000    655360.00
      206.85     1.000000      4545000          inf
#[Mean    =        2.987, StdDeviation   =        0.945]
#[Max     =      206.847, Total count    =      4545000]
#[Buckets =           10, SubBuckets     =          256]
