       Value   Percentile   TotalCount 1/(1-Percentile)

        0.06     0.000000           10         1.00
        1.33     0.050000       101252         1.05
        1.37     0.100000       221121         1.11
        1.38     0.150000       323758         1.18
        1.39     0.200000       386504         1.25
        1.40     0.250000       457669         1.33
        1.42     0.300000       614120         1.43
        1.42     0.350000       695802         1.54
        1.43     0.400000       777542         1.67
        1.44     0.450000       856028         1.82
        1.45     0.500000       929609         2.00
        1.46     0.525000       995492         2.11
        1.46     0.550000      1054153         2.22
        1.46     0.575000      1054153         2.35
        1.47     0.600000      1104525         2.50
        1.48     0.625000      1147349         2.67
        1.49     0.650000      1183224         2.86
        1.50     0.675000      1236878         3.08
        1.53     0.700000      1284252         3.33
        1.58     0.725000      1319637         3.64
        1.73     0.750000      1363563         4.00
        1.77     0.762500      1390683         4.21
        1.79     0.775000      1411244         4.44
        1.81     0.787500      1434750         4.71
        1.84     0.800000      1460073         5.00
        1.85     0.812500      1478078         5.33
        1.88     0.825000      1506299         5.71
        1.90     0.837500      1525449         6.15
        1.92     0.850000      1554951         6.67
        1.94     0.862500      1574539         7.27
        1.95     0.875000      1594246         8.00
        1.96     0.881250      1604065         8.42
        1.97     0.887500      1613559         8.89
        1.98     0.893750      1631984         9.41
        1.99     0.900000      1640969        10.00
        2.00     0.906250      1649545        10.67
        2.02     0.912500      1665762        11.43
        2.02     0.918750      1673378        12.31
        2.04     0.925000      1687274        13.33
        2.05     0.931250      1693515        14.55
        2.06     0.937500      1704882        16.00
        2.08     0.940625      1714457        16.84
        2.10     0.943750      1722211        17.78
        2.10     0.946875      1722211        18.82
        2.11     0.950000      1728570        20.00
        2.13     0.953125      1733741        21.33
        2.16     0.956250      1740354        22.86
        2.21     0.959375      1745122        24.62
        2.48     0.962500      1750251        26.67
        2.54     0.965625      1756756        29.09
        2.58     0.968750      1762784        32.00
        2.59     0.970313      1766472        33.68
        2.61     0.971875      1770514        35.56
        2.61     0.973437      1770514        37.65
        2.62     0.975000      1774884        40.00
        2.64     0.976562      1779511        42.67
        2.64     0.978125      1779511        45.71
        2.65     0.979688      1784237        49.23
        2.65     0.981250      1784237        53.33
        2.67     0.982812      1788714        58.18
        2.69     0.984375      1793047        64.00
        2.69     0.985156      1793047        67.37
        2.69     0.985938      1793047        71.11
        2.70     0.986719      1797036        75.29
        2.70     0.987500      1797036        80.00
        2.70     0.988281      1797036        85.33
        2.72     0.989062      1800574        91.43
        2.72     0.989844      1800574        98.46
        2.73     0.990625      1803624       106.67
        2.73     0.991406      1803624       116.36
        2.75     0.992188      1806171       128.00
        2.75     0.992578      1806171       134.74
        2.75     0.992969      1806171       142.22
        2.75     0.993359      1806171       150.59
        2.77     0.993750      1808340       160.00
        2.77     0.994141      1808340       170.67
        2.77     0.994531      1808340       182.86
        2.78     0.994922      1809963       196.92
        2.78     0.995313      1809963       213.33
        2.80     0.995703      1811202       232.73
        2.80     0.996094      1811202       256.00
        2.81     0.996289      1812112       269.47
        2.81     0.996484      1812112       284.44
        2.81     0.996680      1812112       301.18
        2.83     0.996875      1812744       320.00
        2.83     0.997070      1812744       341.33
        2.85     0.997266      1813180       365.71
        2.86     0.997461      1813508       393.85
        2.88     0.997656      1813743       426.67
        2.94     0.997852      1814112       465.45
        3.18     0.998047      1814459       512.00
        3.34     0.998145      1814630       538.95
        3.50     0.998242      1814810       568.89
        3.66     0.998340      1814986       602.35
        3.82     0.998437      1815166       640.00
        3.98     0.998535      1815345       682.67
        4.16     0.998633      1815542       731.43
        4.32     0.998730      1815721       787.69
        4.45     0.998828      1815876       853.33
        4.61     0.998926      1816085       930.91
        4.74     0.999023      1816255      1024.00
        4.80     0.999072      1816344      1077.89
        4.86     0.999121      1816436      1137.78
        4.93     0.999170      1816524      1204.71
        4.99     0.999219      1816605      1280.00
        5.05     0.999268      1816685      1365.33
        5.15     0.999316      1816795      1462.86
        5.21     0.999365      1816863      1575.38
        5.31     0.999414      1816968      1706.67
        5.38     0.999463      1817026      1861.82
        5.47     0.999512      1817142      2048.00
        5.50     0.999536      1817171      2155.79
        5.54     0.999561      1817207      2275.56
        5.57     0.999585      1817247      2409.41
        5.63     0.999609      1817319      2560.00
        5.66     0.999634      1817350      2730.67
        5.70     0.999658      1817381      2925.71
        5.76     0.999683      1817445      3150.77
        5.79     0.999707      1817472      3413.33
        5.86     0.999731      1817534      3723.64
        5.89     0.999756      1817561      4096.00
        5.92     0.999768      1817581      4311.58
        5.95     0.999780      1817601      4551.11
        5.98     0.999792      1817628      4818.82
        6.01     0.999805      1817649      5120.00
        6.05     0.999817      1817668      5461.33
        6.11     0.999829      1817702      5851.43
        6.14     0.999841      1817720      6301.54
        6.17     0.999854      1817734      6826.67
        6.21     0.999866      1817757      7447.27
        6.27     0.999878      1817784      8192.00
        6.30     0.999884      1817798      8623.16
        6.33     0.999890      1817811      9102.22
        6.37     0.999896      1817828      9637.65
        6.37     0.999902      1817828     10240.00
        6.40     0.999908      1817843     10922.67
        6.43     0.999915      1817853     11702.86
        6.46     0.999921      1817865     12603.08
        6.50     0.999927      1817873     13653.33
        6.53     0.999933      1817883     14894.55
        6.56     0.999939      1817896     16384.00
        6.56     0.999942      1817896     17246.32
        6.59     0.999945      1817902     18204.44
        6.62     0.999948      1817908     19275.29
        6.66     0.999951      1817916     20480.00
        6.69     0.999954      1817924     21845.33
        6.69     0.999957      1817924     23405.71
        6.72     0.999960      1817930     25206.15
        6.75     0.999963      1817934     27306.67
        6.78     0.999966      1817941     29789.09
        6.82     0.999969      1817950     32768.00
        6.82     0.999971      1817950     34492.63
        6.85     0.999973      1817954     36408.89
        6.85     0.999974      1817954     38550.59
        6.88     0.999976      1817959     40960.00
        6.88     0.999977      1817959     43690.67
        6.91     0.999979      1817964     46811.43
        6.91     0.999980      1817964     50412.31
        6.94     0.999982      1817968     54613.33
        6.97     0.999983      1817971     59578.18
        7.01     0.999985      1817977     65536.00
        7.01     0.999986      1817977     68985.26
        7.01     0.999986      1817977     72817.78
        7.01     0.999987      1817977     77101.18
        7.04     0.999988      1817979     81920.00
        7.07     0.999989      1817983     87381.33
        7.07     0.999989      1817983     93622.86
        7.07     0.999990      1817983    100824.62
        7.10     0.999991      1817984    109226.67
        7.13     0.999992      1817987    119156.36
        7.13     0.999992      1817987    131072.00
        7.13     0.999993      1817987    137970.53
        7.17     0.999993      1817988    145635.56
        7.20     0.999994      1817989    154202.35
        7.20     0.999994      1817989    163840.00
        7.23     0.999994      1817992    174762.67
        7.23     0.999995      1817992    187245.71
        7.23     0.999995      1817992    201649.23
        7.23     0.999995      1817992    218453.33
        7.33     0.999996      1817994    238312.73
        7.33     0.999996      1817994    262144.00
        7.33     0.999996      1817994    275941.05
        7.33     0.999997      1817994    291271.11
        7.36     0.999997      1817995    308404.71
        7.36     0.999997      1817995    327680.00
        7.36     0.999997      1817995    349525.33
        7.49     0.999997      1817996    374491.43
        7.49     0.999998      1817996    403298.46
        7.49     0.999998      1817996    436906.67
        7.52     0.999998      1817997    476625.45
        7.52     0.999998      1817997    524288.00
        7.52     0.999998      1817997    551882.11
        7.52     0.999998      1817997    582542.22
        7.58     0.999998      1817998    616809.41
        7.58     0.999998      1817998    655360.00
        7.58     0.999999      1817998    699050.67
        7.58     0.999999      1817998    748982.86
        7.58     0.999999      1817998    806596.92
        7.58     0.999999      1817998    873813.33
        7.65     0.999999      1817999    953250.91
        7.65     0.999999      1817999   1048576.00
        7.65     0.999999      1817999   1103764.21
        7.65     0.999999      1817999   1165084.44
        7.65     0.999999      1817999   1233618.82
        7.65     0.999999      1817999   1310720.00
        7.65     0.999999      1817999   1398101.33
        7.65     0.999999      1817999   1497965.71
        7.65     0.999999      1817999   1613193.85
        7.65     0.999999      1817999   1747626.67
        7.84     0.999999      1818000   1906501.82
        7.84     1.000000      1818000          inf
#[Mean    =        1.576, StdDeviation   =        0.346]
#[Max     =        7.839, Total count    =      1818000]
#[Buckets =           10, SubBuckets     =          256]
