       Value   Percentile   TotalCount 1/(1-Percentile)

        0.06     0.000000           11         1.00
        1.33     0.050000       111340         1.05
        1.37     0.100000       242921         1.11
        1.38     0.150000       355653         1.18
        1.39     0.200000       424643         1.25
        1.40     0.250000       502742         1.33
        1.42     0.300000       674755         1.43
        1.42     0.350000       764532         1.54
        1.43     0.400000       854355         1.67
        1.44     0.450000       940693         1.82
        1.45     0.500000      1021753         2.00
        1.46     0.525000      1094300         2.11
        1.46     0.550000      1158857         2.22
        1.46     0.575000      1158857         2.35
        1.47     0.600000      1214384         2.50
        1.48     0.625000      1261513         2.67
        1.49     0.650000      1301099         2.86
        1.50     0.675000      1360314         3.08
        1.53     0.700000      1412485         3.33
        1.58     0.725000      1451527         3.64
        1.74     0.750000      1505100         4.00
        1.77     0.762500      1529656         4.21
        1.79     0.775000      1552241         4.44
        1.81     0.787500      1578051         4.71
        1.84     0.800000      1605968         5.00
        1.85     0.812500      1625775         5.33
        1.88     0.825000      1656802         5.71
        1.90     0.837500      1677812         6.15
        1.92     0.850000      1710185         6.67
        1.94     0.862500      1731748         7.27
        1.95     0.875000      1753438         8.00
        1.96     0.881250      1764281         8.42
        1.98     0.887500      1785191         8.89
        1.98     0.893750      1795050         9.41
        1.99     0.900000      1804935        10.00
        2.00     0.906250      1814399        10.67
        2.02     0.912500      1832228        11.43
        2.02     0.918750      1840609        12.31
        2.04     0.925000      1855961        13.33
        2.05     0.931250      1862867        14.55
        2.06     0.937500      1875408        16.00
        2.08     0.940625      1885960        16.84
        2.10     0.943750      1894483        17.78
        2.10     0.946875      1894483        18.82
        2.11     0.950000      1901523        20.00
        2.13     0.953125      1907231        21.33
        2.16     0.956250      1914508        22.86
        2.21     0.959375      1919779        24.62
        2.48     0.962500      1925388        26.67
        2.54     0.965625      1932516        29.09
        2.58     0.968750      1939163        32.00
        2.59     0.970313      1943225        33.68
        2.61     0.971875      1947628        35.56
        2.61     0.973437      1947628        37.65
        2.62     0.975000      1952423        40.00
        2.64     0.976562      1957514        42.67
        2.64     0.978125      1957514        45.71
        2.65     0.979688      1962674        49.23
        2.65     0.981250      1962674        53.33
        2.67     0.982812      1967571        58.18
        2.69     0.984375      1972323        64.00
        2.69     0.985156      1972323        67.37
        2.69     0.985938      1972323        71.11
        2.70     0.986719      1976705        75.29
        2.70     0.987500      1976705        80.00
        2.70     0.988281      1976705        85.33
        2.72     0.989062      1980614        91.43
        2.72     0.989844      1980614        98.46
        2.73     0.990625      1983967       106.67
        2.73     0.991406      1983967       116.36
        2.75     0.992188      1986789       128.00
        2.75     0.992578      1986789       134.74
        2.75     0.992969      1986789       142.22
        2.75     0.993359      1986789       150.59
        2.77     0.993750      1989165       160.00
        2.77     0.994141      1989165       170.67
        2.77     0.994531      1989165       182.86
        2.78     0.994922      1990961       196.92
        2.78     0.995313      1990961       213.33
        2.80     0.995703      1992319       232.73
        2.80     0.996094      1992319       256.00
        2.81     0.996289      1993338       269.47
        2.81     0.996484      1993338       284.44
        2.83     0.996680      1994035       301.18
        2.83     0.996875      1994035       320.00
        2.85     0.997070      1994520       341.33
        2.86     0.997266      1994871       365.71
        2.88     0.997461      1995135       393.85
        2.91     0.997656      1995410       426.67
        3.04     0.997852      1995720       465.45
        3.34     0.998047      1996101       512.00
        3.52     0.998145      1996306       538.95
        3.66     0.998242      1996487       568.89
        3.82     0.998340      1996686       602.35
        3.98     0.998437      1996878       640.00
        4.16     0.998535      1997099       682.67
        4.32     0.998633      1997299       731.43
        4.45     0.998730      1997471       787.69
        4.61     0.998828      1997701       853.33
        4.74     0.998926      1997888       930.91
        4.86     0.999023      1998086      1024.00
        4.93     0.999072      1998186      1077.89
        4.99     0.999121      1998276      1137.78
        5.05     0.999170      1998363      1204.71
        5.12     0.999219      1998441      1280.00
        5.21     0.999268      1998555      1365.33
        5.28     0.999316      1998635      1462.86
        5.38     0.999365      1998733      1575.38
        5.47     0.999414      1998863      1706.67
        5.54     0.999463      1998937      1861.82
        5.63     0.999512      1999059      2048.00
        5.66     0.999536      1999095      2155.79
        5.70     0.999561      1999129      2275.56
        5.76     0.999585      1999201      2409.41
        5.79     0.999609      1999228      2560.00
        5.86     0.999634      1999297      2730.67
        5.89     0.999658      1999324      2925.71
        5.95     0.999683      1999369      3150.77
        6.01     0.999707      1999420      3413.33
        6.11     0.999731      1999476      3723.64
        6.17     0.999756      1999513      4096.00
        6.21     0.999768      1999537      4311.58
        6.27     0.999780      1999566      4551.11
        6.30     0.999792      1999585      4818.82
        6.37     0.999805      1999617      5120.00
        6.43     0.999817      1999644      5461.33
        6.50     0.999829      1999665      5851.43
        6.56     0.999841      1999690      6301.54
        6.66     0.999854      1999710      6826.67
        6.78     0.999866      1999736      7447.27
        6.91     0.999878      1999760      8192.00
        7.01     0.999884      1999774      8623.16
        7.10     0.999890      1999781      9102.22
        7.33     0.999896      1999793      9637.65
       13.31     0.999902      1999805     10240.00
       13.57     0.999908      1999819     10922.67
       13.76     0.999915      1999831     11702.86
       14.02     0.999921      1999846     12603.08
       14.21     0.999927      1999858     13653.33
       14.46     0.999933      1999867     14894.55
       14.65     0.999939      1999881     16384.00
       14.72     0.999942      1999886     17246.32
       14.78     0.999945      1999891     18204.44
       14.91     0.999948      1999900     19275.29
       14.97     0.999951      1999906     20480.00
       15.04     0.999954      1999911     21845.33
       15.10     0.999957      1999915     23405.71
       15.23     0.999960      1999926     25206.15
       15.29     0.999963      1999931     27306.67
       15.36     0.999966      1999937     29789.09
       15.42     0.999969      1999939     32768.00
       15.49     0.999971      1999945     34492.63
       15.55     0.999973      1999948     36408.89
       15.62     0.999974      1999952     38550.59
       15.62     0.999976      1999952     40960.00
       15.68     0.999977      1999955     43690.67
       15.74     0.999979      1999959     46811.43
       15.81     0.999980      1999961     50412.31
       15.87     0.999982      1999968     54613.33
       15.87     0.999983      1999968     59578.18
       15.94     0.999985      1999970     65536.00
       16.00     0.999986      1999972     68985.26
       16.06     0.999986      1999973     72817.78
       16.13     0.999987      1999975     77101.18
       16.19     0.999988      1999977     81920.00
       16.25     0.999989      1999980     87381.33
       16.25     0.999989      1999980     93622.86
       16.38     0.999990      1999982    100824.62
       16.38     0.999991      1999982    109226.67
       16.51     0.999992      1999986    119156.36
       16.51     0.999992      1999986    131072.00
       16.51     0.999993      1999986    137970.53
       16.64     0.999993      1999989    145635.56
       16.64     0.999994      1999989    154202.35
       16.64     0.999994      1999989    163840.00
       16.64     0.999994      1999989    174762.67
       16.77     0.999995      1999993    187245.71
       16.77     0.999995      1999993    201649.23
       16.77     0.999995      1999993    218453.33
       16.77     0.999996      1999993    238312.73
       16.77     0.999996      1999993    262144.00
       16.77     0.999996      1999993    275941.05
       16.89     0.999997      1999997    291271.11
       16.89     0.999997      1999997    308404.71
       16.89     0.999997      1999997    327680.00
       16.89     0.999997      1999997    349525.33
       16.89     0.999997      1999997    374491.43
       16.89     0.999998      1999997    403298.46
       16.89     0.999998      1999997    436906.67
       16.89     0.999998      1999997    476625.45
       16.89     0.999998      1999997    524288.00
       16.89     0.999998      1999997    551882.11
       16.89     0.999998      1999997    582542.22
       16.89     0.999998      1999997    616809.41
       16.89     0.999998      1999997    655360.00
       17.02     0.999999      1999998    699050.67
       17.02     0.999999      1999998    748982.86
       17.02     0.999999      1999998    806596.92
       17.02     0.999999      1999998    873813.33
       17.02     0.999999      1999998    953250.91
       17.15     0.999999      1999999   1048576.00
       17.15     0.999999      1999999   1103764.21
       17.15     0.999999      1999999   1165084.44
       17.15     0.999999      1999999   1233618.82
       17.15     0.999999      1999999   1310720.00
       17.15     0.999999      1999999   1398101.33
       17.15     0.999999      1999999   1497965.71
       17.15     0.999999      1999999   1613193.85
       17.15     0.999999      1999999   1747626.67
       17.15     0.999999      1999999   1906501.82
       17.92     1.000000      2000000   2097152.00
       17.92     1.000000      2000000          inf
#[Mean    =        1.578, StdDeviation   =        0.371]
#[Max     =       17.919, Total count    =      2000000]
#[Buckets =           10, SubBuckets     =          256]
