       Value   Percentile   TotalCount 1/(1-Percentile)

        0.06     0.000000            1         1.00
        1.33     0.050000        10088         1.05
        1.37     0.100000        21800         1.11
        1.38     0.150000        31895         1.18
        1.39     0.200000        38139         1.25
        1.41     0.250000        52661         1.33
        1.42     0.300000        60635         1.43
        1.42     0.350000        68730         1.54
        1.43     0.400000        76813         1.67
        1.44     0.450000        84665         1.82
        1.45     0.500000        92144         2.00
        1.46     0.525000        98808         2.11
        1.46     0.550000       104704         2.22
        1.46     0.575000       104704         2.35
        1.47     0.600000       109859         2.50
        1.48     0.625000       114164         2.67
        1.50     0.650000       120955         2.86
        1.50     0.675000       123436         3.08
        1.53     0.700000       128233         3.33
        1.59     0.725000       132085         3.64
        1.74     0.750000       136772         4.00
        1.77     0.762500       138973         4.21
        1.80     0.775000       141714         4.44
        1.82     0.787500       144127         4.71
        1.84     0.800000       145895         5.00
        1.86     0.812500       148620         5.33
        1.88     0.825000       150503         5.71
        1.90     0.837500       153300         6.15
        1.92     0.850000       155234         6.67
        1.94     0.862500       157209         7.27
        1.96     0.875000       160216         8.00
        1.97     0.881250       161212         8.42
        1.98     0.887500       162122         8.89
        1.98     0.893750       163066         9.41
        1.99     0.900000       163966        10.00
        2.01     0.906250       165677        10.67
        2.02     0.912500       166466        11.43
        2.02     0.918750       167231        12.31
        2.04     0.925000       168687        13.33
        2.06     0.931250       170526        14.55
        2.08     0.937500       171503        16.00
        2.08     0.940625       171503        16.84
        2.10     0.943750       172272        17.78
        2.11     0.946875       172953        18.82
        2.11     0.950000       172953        20.00
        2.13     0.953125       173490        21.33
        2.16     0.956250       174154        22.86
        2.21     0.959375       174657        24.62
        2.50     0.962500       175251        26.67
        2.54     0.965625       175760        29.09
        2.58     0.968750       176379        32.00
        2.59     0.970313       176753        33.68
        2.61     0.971875       177114        35.56
        2.62     0.973437       177539        37.65
        2.62     0.975000       177539        40.00
        2.64     0.976562       178003        42.67
        2.65     0.978125       178437        45.71
        2.65     0.979688       178437        49.23
        2.67     0.981250       178857        53.33
        2.69     0.982812       179276        58.18
        2.69     0.984375       179276        64.00
        2.70     0.985156       179669        67.37
        2.70     0.985938       179669        71.11
        2.70     0.986719       179669        75.29
        2.72     0.987500       180040        80.00
        2.72     0.988281       180040        85.33
        2.72     0.989062       180040        91.43
        2.73     0.989844       180343        98.46
        2.73     0.990625       180343       106.67
        2.75     0.991406       180618       116.36
        2.75     0.992188       180618       128.00
        2.77     0.992578       180825       134.74
        2.77     0.992969       180825       142.22
        2.77     0.993359       180825       150.59
        2.78     0.993750       180998       160.00
        2.78     0.994141       180998       170.67
        2.80     0.994531       181117       182.86
        2.80     0.994922       181117       196.92
        2.81     0.995313       181226       213.33
        2.81     0.995703       181226       232.73
        2.83     0.996094       181291       256.00
        2.85     0.996289       181340       269.47
        2.86     0.996484       181363       284.44
        2.90     0.996680       181407       301.18
        2.99     0.996875       181432       320.00
        3.31     0.997070       181467       341.33
        3.69     0.997266       181503       365.71
        4.01     0.997461       181538       393.85
        4.29     0.997656       181577       426.67
        4.54     0.997852       181611       465.45
        4.83     0.998047       181646       512.00
        4.96     0.998145       181667       538.95
        5.12     0.998242       181685       568.89
        5.28     0.998340       181701       602.35
        5.44     0.998437       181717       640.00
        5.60     0.998535       181736       682.67
        5.76     0.998633       181756       731.43
        5.98     0.998730       181771       787.69
        6.30     0.998828       181787       853.33
       13.31     0.998926       181805       930.91
       13.70     0.999023       181826      1024.00
       13.82     0.999072       181834      1077.89
       13.95     0.999121       181841      1137.78
       14.08     0.999170       181850      1204.71
       14.21     0.999219       181858      1280.00
       14.46     0.999268       181867      1365.33
       14.65     0.999316       181881      1462.86
       14.72     0.999365       181886      1575.38
       14.85     0.999414       181895      1706.67
       14.97     0.999463       181906      1861.82
       15.10     0.999512       181915      2048.00
       15.17     0.999536       181918      2155.79
       15.23     0.999561       181926      2275.56
       15.23     0.999585       181926      2409.41
       15.29     0.999609       181931      2560.00
       15.36     0.999634       181937      2730.67
       15.42     0.999658       181939      2925.71
       15.49     0.999683       181945      3150.77
       15.55     0.999707       181948      3413.33
       15.62     0.999731       181952      3723.64
       15.74     0.999756       181959      4096.00
       15.74     0.999768       181959      4311.58
       15.81     0.999780       181961      4551.11
       15.87     0.999792       181968      4818.82
       15.87     0.999805       181968      5120.00
       15.87     0.999817       181968      5461.33
       15.94     0.999829       181970      5851.43
       16.00     0.999841       181972      6301.54
       16.13     0.999854       181975      6826.67
       16.19     0.999866       181977      7447.27
       16.25     0.999878       181980      8192.00
       16.25     0.999884       181980      8623.16
       16.38     0.999890       181982      9102.22
       16.38     0.999896       181982      9637.65
       16.51     0.999902       181986     10240.00
       16.51     0.999908       181986     10922.67
       16.51     0.999915       181986     11702.86
       16.51     0.999921       181986     12603.08
       16.64     0.999927       181989     13653.33
       16.64     0.999933       181989     14894.55
       16.64     0.999939       181989     16384.00
       16.77     0.999942       181993     17246.32
       16.77     0.999945       181993     18204.44
       16.77     0.999948       181993     19275.29
       16.77     0.999951       181993     20480.00
       16.77     0.999954       181993     21845.33
       16.77     0.999957       181993     23405.71
       16.77     0.999960       181993     25206.15
       16.89     0.999963       181997     27306.67
       16.89     0.999966       181997     29789.09
       16.89     0.999969       181997     32768.00
       16.89     0.999971       181997     34492.63
       16.89     0.999973       181997     36408.89
       16.89     0.999974       181997     38550.59
       16.89     0.999976       181997     40960.00
       16.89     0.999977       181997     43690.67
       16.89     0.999979       181997     46811.43
       16.89     0.999980       181997     50412.31
       16.89     0.999982       181997     54613.33
       16.89     0.999983       181997     59578.18
       17.02     0.999985       181998     65536.00
       17.02     0.999986       181998     68985.26
       17.02     0.999986       181998     72817.78
       17.02     0.999987       181998     77101.18
       17.02     0.999988       181998     81920.00
       17.02     0.999989       181998     87381.33
       17.15     0.999989       181999     93622.86
       17.15     0.999990       181999    100824.62
       17.15     0.999991       181999    109226.67
       17.15     0.999992       181999    119156.36
       17.15     0.999992       181999    131072.00
       17.15     0.999993       181999    137970.53
       17.15     0.999993       181999    145635.56
       17.15     0.999994       181999    154202.35
       17.15     0.999994       181999    163840.00
       17.15     0.999994       181999    174762.67
       17.92     0.999995       182000    187245.71
       17.92     1.000000       182000          inf
#[Mean    =        1.591, StdDeviation   =        0.561]
#[Max     =       17.919, Total count    =       182000]
#[Buckets =           10, SubBuckets     =          256]
