       Value   Percentile   TotalCount 1/(1-Percentile)

        0.07     0.000000            2         1.00
        2.69     0.050000        24836         1.05
        2.73     0.100000        47123         1.11
        2.75     0.150000        69282         1.18
        2.77     0.200000       112258         1.25
        2.78     0.250000       169669         1.33
        2.78     0.300000       169669         1.43
        2.78     0.350000       169669         1.54
        2.80     0.400000       225022         1.67
        2.80     0.450000       225022         1.82
        2.81     0.500000       270877         2.00
        2.81     0.525000       270877         2.11
        2.81     0.550000       270877         2.22
        2.81     0.575000       270877         2.35
        2.83     0.600000       309207         2.50
        2.83     0.625000       309207         2.67
        2.83     0.650000       309207         2.86
        2.83     0.675000       309207         3.08
        2.85     0.700000       339396         3.33
        2.85     0.725000       339396         3.64
        2.86     0.750000       365594         4.00
        2.86     0.762500       365594         4.21
        2.86     0.775000       365594         4.44
        2.86     0.787500       365594         4.71
        2.86     0.800000       365594         5.00
        2.88     0.812500       385195         5.33
        2.88     0.825000       385195         5.71
        2.88     0.837500       385195         6.15
        2.90     0.850000       398270         6.67
        2.90     0.862500       398270         7.27
        2.90     0.875000       398270         8.00
        2.91     0.881250       407478         8.42
        2.91     0.887500       407478         8.89
        2.91     0.893750       407478         9.41
        2.93     0.900000       414972        10.00
        2.93     0.906250       414972        10.67
        2.94     0.912500       420304        11.43
        2.94     0.918750       420304        12.31
        2.96     0.925000       423669        13.33
        2.98     0.931250       426350        14.55
        2.99     0.937500       428850        16.00
        2.99     0.940625       428850        16.84
        3.01     0.943750       430537        17.78
        3.02     0.946875       431361        18.82
        3.06     0.950000       433115        20.00
        3.07     0.953125       433857        21.33
        3.12     0.956250       436070        22.86
        3.13     0.959375       436687        24.62
        3.20     0.962500       438207        26.67
        3.28     0.965625       439367        29.09
        3.42     0.968750       441925        32.00
        3.42     0.970313       441925        33.68
        3.44     0.971875       445338        35.56
        3.44     0.973437       445338        37.65
        3.44     0.975000       445338        40.00
        3.44     0.976562       445338        42.67
        3.44     0.978125       445338        45.71
        3.46     0.979688       448268        49.23
        3.46     0.981250       448268        53.33
        3.46     0.982812       448268        58.18
        3.46     0.984375       448268        64.00
        3.46     0.985156       448268        67.37
        3.47     0.985938       449523        71.11
        3.47     0.986719       449523        75.29
        3.47     0.987500       449523        80.00
        3.49     0.988281       449950        85.33
        3.50     0.989062       450134        91.43
        3.52     0.989844       450568        98.46
        3.54     0.990625       451323       106.67
        3.54     0.991406       451323       116.36
        3.55     0.992188       451684       128.00
        3.55     0.992578       451684       134.74
        3.57     0.992969       451905       142.22
        3.58     0.993359       452034       150.59
        3.63     0.993750       452178       160.00
        3.94     0.994141       452335       170.67
        4.22     0.994531       452596       182.86
        4.29     0.994922       452693       196.92
        4.58     0.995313       452879       213.33
        4.89     0.995703       453047       232.73
        6.01     0.996094       453227       256.00
        6.46     0.996289       453316       269.47
        6.78     0.996484       453401       284.44
        7.26     0.996680       453493       301.18
        7.71     0.996875       453580       320.00
        8.19     0.997070       453671       341.33
        8.64     0.997266       453764       365.71
        9.09     0.997461       453849       393.85
        9.73     0.997656       453940       426.67
       10.24     0.997852       454024       465.45
       10.88     0.998047       454118       512.00
       11.20     0.998145       454159       538.95
       11.58     0.998242       454212       568.89
       11.90     0.998340       454249       602.35
       12.29     0.998437       454292       640.00
       12.73     0.998535       454337       682.67
       13.12     0.998633       454381       731.43
       13.57     0.998730       454431       787.69
       13.95     0.998828       454468       853.33
       14.46     0.998926       454516       930.91
       14.85     0.999023       454559      1024.00
       15.04     0.999072       454580      1077.89
       15.29     0.999121       454606      1137.78
       15.42     0.999170       454623      1204.71
       15.62     0.999219       454647      1280.00
       15.81     0.999268       454669      1365.33
       16.00     0.999316       454690      1462.86
       16.19     0.999365       454714      1575.38
       16.51     0.999414       454743      1706.67
       16.77     0.999463       454759      1861.82
       17.02     0.999512       454779      2048.00
       17.15     0.999536       454792      2155.79
       17.28     0.999561       454803      2275.56
       17.54     0.999585       454819      2409.41
       17.66     0.999609       454831      2560.00
       17.79     0.999634       454837      2730.67
       17.92     0.999658       454846      2925.71
       18.30     0.999683       454863      3150.77
       18.56     0.999707       454871      3413.33
       18.82     0.999731       454881      3723.64
       19.33     0.999756       454889      4096.00
       19.71     0.999768       454895      4311.58
       20.22     0.999780       454901      4551.11
       21.25     0.999792       454906      4818.82
       22.14     0.999805       454912      5120.00
       22.66     0.999817       454917      5461.33
       23.30     0.999829       454923      5851.43
       23.93     0.999841       454928      6301.54
       25.21     0.999854       454934      6826.67
       25.86     0.999866       454939      7447.27
       27.39     0.999878       454945      8192.00
       28.03     0.999884       454949      8623.16
       28.29     0.999890       454952      9102.22
       28.67     0.999896       454953      9637.65
       28.93     0.999902       454957     10240.00
       29.18     0.999908       454960     10922.67
       29.44     0.999915       454963     11702.86
       29.70     0.999921       454965     12603.08
       30.21     0.999927       454969     13653.33
       30.46     0.999933       454971     14894.55
       30.98     0.999939       454973     16384.00
       31.10     0.999942       454974     17246.32
       31.61     0.999945       454977     18204.44
       31.61     0.999948       454977     19275.29
       31.74     0.999951       454979     20480.00
       31.87     0.999954       454980     21845.33
       32.26     0.999957       454982     23405.71
       32.26     0.999960       454982     25206.15
       32.51     0.999963       454985     27306.67
       32.51     0.999966       454985     29789.09
       33.02     0.999969       454987     32768.00
       33.02     0.999971       454987     34492.63
       33.28     0.999973       454989     36408.89
       33.28     0.999974       454989     38550.59
       33.28     0.999976       454989     40960.00
       33.79     0.999977       454991     43690.67
       33.79     0.999979       454991     46811.43
       33.79     0.999980       454991     50412.31
       34.30     0.999982       454994     54613.33
       34.30     0.999983       454994     59578.18
       34.30     0.999985       454994     65536.00
       34.30     0.999986       454994     68985.26
       34.30     0.999986       454994     72817.78
       34.56     0.999987       454995     77101.18
       34.56     0.999988       454995     81920.00
       34.56     0.999989       454995     87381.33
       34.81     0.999989       454996     93622.86
       34.81     0.999990       454996    100824.62
       34.81     0.999991       454996    109226.67
       35.07     0.999992       454997    119156.36
       35.07     0.999992       454997    131072.00
       35.07     0.999993       454997    137970.53
       35.07     0.999993       454997    145635.56
       35.33     0.999994       454999    154202.35
       35.33     0.999994       454999    163840.00
       35.33     0.999994       454999    174762.67
       35.33     0.999995       454999    187245.71
       35.33     0.999995       454999    201649.23
       35.33     0.999995       454999    218453.33
       35.33     0.999996       454999    238312.73
       35.33     0.999996       454999    262144.00
       35.33     0.999996       454999    275941.05
       35.33     0.999997       454999    291271.11
       35.33     0.999997       454999    308404.71
       35.33     0.999997       454999    327680.00
       35.33     0.999997       454999    349525.33
       35.33     0.999997       454999    374491.43
       35.33     0.999998       454999    403298.46
       35.33     0.999998       454999    436906.67
       35.58     0.999998       455000    476625.45
       35.58     1.000000       455000          inf
#[Mean    =        2.855, StdDeviation   =        0.694]
#[Max     =       35.583, Total count    =       455000]
#[Buckets =           10, SubBuckets     =          256]
