       Value   Percentile   TotalCount 1/(1-Percentile)

        0.06     0.000000            1         1.00
        2.67     0.050000        27341         1.05
        2.78     0.100000        54742         1.11
        2.80     0.150000        79627         1.18
        2.81     0.200000       108060         1.25
        2.83     0.250000       133083         1.33
        2.85     0.300000       159596         1.43
        2.85     0.350000       159596         1.54
        2.86     0.400000       184944         1.67
        2.90     0.450000       218368         1.82
        2.91     0.500000       230416         2.00
        2.93     0.525000       239250         2.11
        2.98     0.550000       250762         2.22
        3.23     0.575000       262642         2.35
        3.25     0.600000       276073         2.50
        3.26     0.625000       300093         2.67
        3.26     0.650000       300093         2.86
        3.28     0.675000       331354         3.08
        3.28     0.700000       331354         3.33
        3.28     0.725000       331354         3.64
        3.29     0.750000       364845         4.00
        3.29     0.762500       364845         4.21
        3.29     0.775000       364845         4.44
        3.29     0.787500       364845         4.71
        3.29     0.800000       364845         5.00
        3.31     0.812500       398571         5.33
        3.31     0.825000       398571         5.71
        3.31     0.837500       398571         6.15
        3.31     0.850000       398571         6.67
        3.31     0.862500       398571         7.27
        3.31     0.875000       398571         8.00
        3.33     0.881250       421870         8.42
        3.33     0.887500       421870         8.89
        3.33     0.893750       421870         9.41
        3.33     0.900000       421870        10.00
        3.33     0.906250       421870        10.67
        3.33     0.912500       421870        11.43
        3.33     0.918750       421870        12.31
        3.33     0.925000       421870        13.33
        3.34     0.931250       434064        14.55
        3.34     0.937500       434064        16.00
        3.34     0.940625       434064        16.84
        3.34     0.943750       434064        17.78
        3.34     0.946875       434064        18.82
        3.34     0.950000       434064        20.00
        3.34     0.953125       434064        21.33
        3.36     0.956250       441478        22.86
        3.36     0.959375       441478        24.62
        3.36     0.962500       441478        26.67
        3.36     0.965625       441478        29.09
        3.36     0.968750       441478        32.00
        3.38     0.970313       445742        33.68
        3.38     0.971875       445742        35.56
        3.38     0.973437       445742        37.65
        3.38     0.975000       445742        40.00
        3.38     0.976562       445742        42.67
        3.38     0.978125       445742        45.71
        3.39     0.979688       448338        49.23
        3.39     0.981250       448338        53.33
        3.39     0.982812       448338        58.18
        3.39     0.984375       448338        64.00
        3.39     0.985156       448338        67.37
        3.41     0.985938       449675        71.11
        3.41     0.986719       449675        75.29
        3.41     0.987500       449675        80.00
        3.41     0.988281       449675        85.33
        3.42     0.989062       450127        91.43
        3.46     0.989844       450481        98.46
        3.47     0.990625       450817       106.67
        3.49     0.991406       451095       116.36
        3.60     0.992188       451486       128.00
        3.68     0.992578       451635       134.74
        3.74     0.992969       451804       142.22
        3.87     0.993359       452004       150.59
        4.01     0.993750       452161       160.00
        4.42     0.994141       452334       170.67
        4.86     0.994531       452519       182.86
        5.60     0.994922       452690       196.92
        6.33     0.995313       452872       213.33
        7.13     0.995703       453050       232.73
        8.06     0.996094       453231       256.00
        8.45     0.996289       453312       269.47
        8.83     0.996484       453401       284.44
        9.34     0.996680       453492       301.18
        9.73     0.996875       453579       320.00
       10.24     0.997070       453678       341.33
       10.69     0.997266       453756       365.71
       11.33     0.997461       453845       393.85
       11.97     0.997656       453946       426.67
       12.54     0.997852       454025       465.45
       13.18     0.998047       454117       512.00
       13.44     0.998145       454160       538.95
       13.76     0.998242       454213       568.89
       14.02     0.998340       454247       602.35
       14.34     0.998437       454293       640.00
       14.65     0.998535       454338       682.67
       14.97     0.998633       454387       731.43
       15.23     0.998730       454423       787.69
       15.55     0.998828       454474       853.33
       15.81     0.998926       454512       930.91
       16.06     0.999023       454558      1024.00
       16.19     0.999072       454578      1077.89
       16.38     0.999121       454602      1137.78
       16.64     0.999170       454628      1204.71
       16.89     0.999219       454656      1280.00
       17.02     0.999268       454667      1365.33
       17.28     0.999316       454700      1462.86
       17.41     0.999365       454716      1575.38
       17.54     0.999414       454734      1706.67
       17.79     0.999463       454758      1861.82
       18.05     0.999512       454783      2048.00
       18.18     0.999536       454794      2155.79
       18.43     0.999561       454810      2275.56
       18.56     0.999585       454813      2409.41
       18.94     0.999609       454825      2560.00
       19.45     0.999634       454834      2730.67
       20.73     0.999658       454846      2925.71
       21.50     0.999683       454857      3150.77
       22.14     0.999707       454868      3413.33
       22.78     0.999731       454879      3723.64
       23.81     0.999756       454891      4096.00
       24.19     0.999768       454898      4311.58
       24.32     0.999780       454902      4551.11
       24.57     0.999792       454907      4818.82
       25.21     0.999805       454912      5120.00
       25.60     0.999817       454917      5461.33
       26.24     0.999829       454924      5851.43
       26.62     0.999841       454929      6301.54
       27.14     0.999854       454934      6826.67
       27.65     0.999866       454939      7447.27
       28.54     0.999878       454946      8192.00
       28.80     0.999884       454948      8623.16
       29.05     0.999890       454951      9102.22
       29.44     0.999896       454953      9637.65
       29.82     0.999902       454956     10240.00
       30.21     0.999908       454959     10922.67
       30.46     0.999915       454963     11702.86
       30.72     0.999921       454965     12603.08
       30.98     0.999927       454967     13653.33
       31.36     0.999933       454970     14894.55
       32.26     0.999939       454974     16384.00
       32.26     0.999942       454974     17246.32
       32.51     0.999945       454977     18204.44
       32.51     0.999948       454977     19275.29
       32.77     0.999951       454978     20480.00
       33.28     0.999954       454981     21845.33
       33.28     0.999957       454981     23405.71
       33.53     0.999960       454983     25206.15
       33.79     0.999963       454987     27306.67
       33.79     0.999966       454987     29789.09
       33.79     0.999969       454987     32768.00
       33.79     0.999971       454987     34492.63
       34.05     0.999973       454989     36408.89
       34.05     0.999974       454989     38550.59
       34.05     0.999976       454989     40960.00
       34.30     0.999977       454990     43690.67
       35.07     0.999979       454993     46811.43
       35.07     0.999980       454993     50412.31
       35.07     0.999982       454993     54613.33
       35.07     0.999983       454993     59578.18
       35.33     0.999985       454997     65536.00
       35.33     0.999986       454997     68985.26
       35.33     0.999986       454997     72817.78
       35.33     0.999987       454997     77101.18
       35.33     0.999988       454997     81920.00
       35.33     0.999989       454997     87381.33
       35.33     0.999989       454997     93622.86
       35.33     0.999990       454997    100824.62
       35.33     0.999991       454997    109226.67
       35.33     0.999992       454997    119156.36
       35.33     0.999992       454997    131072.00
       35.33     0.999993       454997    137970.53
       35.33     0.999993       454997    145635.56
       35.58     0.999994       454998    154202.35
       35.58     0.999994       454998    163840.00
       35.58     0.999994       454998    174762.67
       35.58     0.999995       454998    187245.71
       35.58     0.999995       454998    201649.23
       35.58     0.999995       454998    218453.33
       36.09     0.999996       454999    238312.73
       36.09     0.999996       454999    262144.00
       36.09     0.999996       454999    275941.05
       36.09     0.999997       454999    291271.11
       36.09     0.999997       454999    308404.71
       36.09     0.999997       454999    327680.00
       36.09     0.999997       454999    349525.33
       36.09     0.999997       454999    374491.43
       36.09     0.999998       454999    403298.46
       36.09     0.999998       454999    436906.67
       36.35     0.999998       455000    476625.45
       36.35     1.000000       455000          inf
#[Mean    =        3.062, StdDeviation   =        0.825]
#[Max     =       36.351, Total count    =       455000]
#[Buckets =           10, SubBuckets     =          256]
