       Value   Percentile   TotalCount 1/(1-Percentile)

        0.05     0.000000            1         1.00
        2.67     0.050000       264835         1.05
        2.78     0.100000       530109         1.11
        2.80     0.150000       777141         1.18
        2.81     0.200000      1057435         1.25
        2.83     0.250000      1304586         1.33
        2.85     0.300000      1573589         1.43
        2.86     0.350000      1827294         1.54
        2.86     0.400000      1827294         1.67
        2.90     0.450000      2163993         1.82
        2.91     0.500000      2289904         2.00
        2.94     0.525000      2435754         2.11
        2.99     0.550000      2509860         2.22
        3.25     0.575000      2744940         2.35
        3.25     0.600000      2744940         2.50
        3.26     0.625000      2981352         2.67
        3.26     0.650000      2981352         2.86
        3.28     0.675000      3298621         3.08
        3.28     0.700000      3298621         3.33
        3.28     0.725000      3298621         3.64
        3.29     0.750000      3635719         4.00
        3.29     0.762500      3635719         4.21
        3.29     0.775000      3635719         4.44
        3.29     0.787500      3635719         4.71
        3.31     0.800000      3972435         5.00
        3.31     0.812500      3972435         5.33
        3.31     0.825000      3972435         5.71
        3.31     0.837500      3972435         6.15
        3.31     0.850000      3972435         6.67
        3.31     0.862500      3972435         7.27
        3.33     0.875000      4206169         8.00
        3.33     0.881250      4206169         8.42
        3.33     0.887500      4206169         8.89
        3.33     0.893750      4206169         9.41
        3.33     0.900000      4206169        10.00
        3.33     0.906250      4206169        10.67
        3.33     0.912500      4206169        11.43
        3.33     0.918750      4206169        12.31
        3.33     0.925000      4206169        13.33
        3.34     0.931250      4330116        14.55
        3.34     0.937500      4330116        16.00
        3.34     0.940625      4330116        16.84
        3.34     0.943750      4330116        17.78
        3.34     0.946875      4330116        18.82
        3.34     0.950000      4330116        20.00
        3.36     0.953125      4406650        21.33
        3.36     0.956250      4406650        22.86
        3.36     0.959375      4406650        24.62
        3.36     0.962500      4406650        26.67
        3.36     0.965625      4406650        29.09
        3.36     0.968750      4406650        32.00
        3.38     0.970313      4449353        33.68
        3.38     0.971875      4449353        35.56
        3.38     0.973437      4449353        37.65
        3.38     0.975000      4449353        40.00
        3.38     0.976562      4449353        42.67
        3.38     0.978125      4449353        45.71
        3.39     0.979688      4475348        49.23
        3.39     0.981250      4475348        53.33
        3.39     0.982812      4475348        58.18
        3.39     0.984375      4475348        64.00
        3.41     0.985156      4488327        67.37
        3.41     0.985938      4488327        71.11
        3.41     0.986719      4488327        75.29
        3.41     0.987500      4488327        80.00
        3.42     0.988281      4493741        85.33
        3.44     0.989062      4495851        91.43
        3.47     0.989844      4500506        98.46
        3.49     0.990625      4503469       106.67
        3.52     0.991406      4506343       116.36
        3.68     0.992188      4509796       128.00
        3.79     0.992578      4511273       134.74
        3.94     0.992969      4513159       142.22
        4.13     0.993359      4514900       150.59
        4.38     0.993750      4516898       160.00
        4.64     0.994141      4518497       170.67
        5.31     0.994531      4520188       182.86
        6.17     0.994922      4522000       196.92
        7.13     0.995313      4523705       213.33
        8.26     0.995703      4525580       232.73
        9.28     0.996094      4527315       256.00
        9.79     0.996289      4528188       269.47
       10.30     0.996484      4529133       284.44
       10.75     0.996680      4529967       301.18
       11.20     0.996875      4530849       320.00
       11.65     0.997070      4531726       341.33
       12.03     0.997266      4532602       365.71
       12.54     0.997461      4533560       393.85
       13.05     0.997656      4534412       426.67
       13.63     0.997852      4535348       465.45
       14.14     0.998047      4536192       512.00
       14.40     0.998145      4536608       538.95
       14.65     0.998242      4537028       568.89
       14.91     0.998340      4537456       602.35
       15.23     0.998437      4537985       640.00
       15.49     0.998535      4538411       682.67
       15.74     0.998633      4538833       731.43
       16.00     0.998730      4539243       787.69
       16.32     0.998828      4539761       853.33
       16.64     0.998926      4540271       930.91
       16.89     0.999023      4540648      1024.00
       17.02     0.999072      4540867      1077.89
       17.15     0.999121      4541052      1137.78
       17.41     0.999170      4541404      1204.71
       17.54     0.999219      4541594      1280.00
       17.66     0.999268      4541760      1365.33
       17.79     0.999316      4541910      1462.86
       18.05     0.999365      4542181      1575.38
       18.30     0.999414      4542383      1706.67
       18.69     0.999463      4542606      1861.82
       19.20     0.999512      4542822      2048.00
       19.45     0.999536      4542905      2155.79
       19.84     0.999561      4543005      2275.56
       20.61     0.999585      4543131      2409.41
       21.25     0.999609      4543231      2560.00
       22.02     0.999634      4543339      2730.67
       22.91     0.999658      4543463      2925.71
       23.68     0.999683      4543576      3150.77
       24.45     0.999707      4543673      3413.33
       25.21     0.999731      4543791      3723.64
       25.98     0.999756      4543896      4096.00
       26.50     0.999768      4543959      4311.58
       26.88     0.999780      4544011      4551.11
       27.26     0.999792      4544060      4818.82
       27.65     0.999805      4544115      5120.00
       28.03     0.999817      4544169      5461.33
       28.54     0.999829      4544240      5851.43
       28.93     0.999841      4544288      6301.54
       29.44     0.999854      4544348      6826.67
       29.82     0.999866      4544404      7447.27
       30.21     0.999878      4544447      8192.00
       30.46     0.999884      4544486      8623.16
       30.59     0.999890      4544502      9102.22
       30.85     0.999896      4544529      9637.65
       31.10     0.999902      4544564     10240.00
       31.36     0.999908      4544594     10922.67
       31.61     0.999915      4544623     11702.86
       31.74     0.999921      4544642     12603.08
       32.00     0.999927      4544672     13653.33
       32.38     0.999933      4544716     14894.55
       32.51     0.999939      4544730     16384.00
       32.64     0.999942      4544748     17246.32
       32.77     0.999945      4544757     18204.44
       33.02     0.999948      4544785     19275.29
       33.02     0.999951      4544785     20480.00
       33.28     0.999954      4544817     21845.33
       33.28     0.999957      4544817     23405.71
       33.53     0.999960      4544837     25206.15
       33.53     0.999963      4544837     27306.67
       33.79     0.999966      4544864     29789.09
       33.79     0.999969      4544864     32768.00
       34.05     0.999971      4544884     34492.63
       34.05     0.999973      4544884     36408.89
       34.05     0.999974      4544884     38550.59
       34.30     0.999976      4544904     40960.00
       34.30     0.999977      4544904     43690.67
       34.30     0.999979      4544904     46811.43
       34.56     0.999980      4544921     50412.31
       34.56     0.999982      4544921     54613.33
       34.81     0.999983      4544935     59578.18
       34.81     0.999985      4544935     65536.00
       34.81     0.999986      4544935     68985.26
       35.07     0.999986      4544945     72817.78
       35.07     0.999987      4544945     77101.18
       35.07     0.999988      4544945     81920.00
       35.33     0.999989      4544955     87381.33
       35.33     0.999989      4544955     93622.86
       35.33     0.999990      4544955    100824.62
       35.58     0.999991      4544964    109226.67
       35.58     0.999992      4544964    119156.36
       35.84     0.999992      4544971    131072.00
       35.84     0.999993      4544971    137970.53
       35.84     0.999993      4544971    145635.56
       35.84     0.999994      4544971    154202.35
       36.09     0.999994      4544975    163840.00
       36.09     0.999994      4544975    174762.67
       36.35     0.999995      4544980    187245.71
       36.35     0.999995      4544980    201649.23
       36.35     0.999995      4544980    218453.33
       36.61     0.999996      4544982    238312.73
       36.86     0.999996      4544986    262144.00
       36.86     0.999996      4544986    275941.05
       36.86     0.999997      4544986    291271.11
       36.86     0.999997      4544986    308404.71
       37.12     0.999997      4544988    327680.00
       37.12     0.999997      4544988    349525.33
       37.12     0.999997      4544988    374491.43
       37.38     0.999998      4544989    403298.46
       37.63     0.999998      4544991    436906.67
       37.63     0.999998      4544991    476625.45
       38.14     0.999998      4544992    524288.00
       38.14     0.999998      4544992    551882.11
      205.82     0.999998      4544995    582542.22
      205.82     0.999998      4544995    616809.41
      205.82     0.999998      4544995    655360.00
      205.82     0.999999      4544995    699050.67
      205.82     0.999999      4544995    748982.86
      205.82     0.999999      4544995    806596.92
      205.82     0.999999      4544995    873813.33
      207.87     0.999999      4544998    953250.91
      207.87     0.999999      4544998   1048576.00
      207.87     0.999999      4544998   1103764.21
      207.87     0.999999      4544998   1165084.44
      207.87     0.999999      4544998   1233618.82
      207.87     0.999999      4544998   1310720.00
      207.87     0.999999      4544998   1398101.33
      207.87     0.999999      4544998   1497965.71
      207.87     0.999999      4544998   1613193.85
      207.87     0.999999      4544998   1747626.67
      207.87     0.999999      4544998   1906501.82
      207.87     1.000000      4544998   2097152.00
      207.87     1.000000      4544998   2207528.42
      212.99     1.000000      4545000   2330168.89
      212.99     1.000000      4545000          inf
#[Mean    =        3.072, StdDeviation   =        0.931]
#[Max     =      212.991, Total count    =      4545000]
#[Buckets =           10, SubBuckets     =          256]
