       Value   Percentile   TotalCount 1/(1-Percentile)

        0.20     0.000000            1         1.00
        1.39     0.050000       232027         1.05
        1.57     0.100000       456356         1.11
        1.69     0.150000       704414         1.18
        1.73     0.200000       960468         1.25
        1.75     0.250000      1237151         1.33
        1.77     0.300000      1456373         1.43
        1.78     0.350000      1670349         1.54
        1.80     0.400000      1855500         1.67
        1.82     0.450000      2057532         1.82
        1.87     0.500000      2299555         2.00
        1.90     0.525000      2402265         2.11
        1.93     0.550000      2526639         2.22
        1.97     0.575000      2621814         2.35
        2.10     0.600000      2736329         2.50
        2.22     0.625000      2843103         2.67
        2.33     0.650000      2969048         2.86
        2.45     0.675000      3078754         3.08
        2.54     0.700000      3198254         3.33
        2.61     0.725000      3317474         3.64
        2.65     0.750000      3416642         4.00
        2.69     0.762500      3479019         4.21
        2.72     0.775000      3529803         4.44
        2.78     0.787500      3588671         4.71
        2.91     0.800000      3640881         5.00
        3.18     0.812500      3694817         5.33
        3.33     0.825000      3761743         5.71
        3.38     0.837500      3807002         6.15
        3.42     0.850000      3868496         6.67
        3.46     0.862500      3926966         7.27
        3.49     0.875000      4005570         8.00
        3.49     0.881250      4005570         8.42
        3.50     0.887500      4050054         8.89
        3.52     0.893750      4094337         9.41
        3.52     0.900000      4094337        10.00
        3.54     0.906250      4137174        10.67
        3.55     0.912500      4177243        11.43
        3.55     0.918750      4177243        12.31
        3.57     0.925000      4212775        13.33
        3.58     0.931250      4243867        14.55
        3.60     0.937500      4271928        16.00
        3.62     0.940625      4297639        16.84
        3.62     0.943750      4297639        17.78
        3.63     0.946875      4320408        18.82
        3.63     0.950000      4320408        20.00
        3.65     0.953125      4341495        21.33
        3.66     0.956250      4360885        22.86
        3.66     0.959375      4360885        24.62
        3.68     0.962500      4377712        26.67
        3.69     0.965625      4392641        29.09
        3.71     0.968750      4405225        32.00
        3.73     0.970313      4415826        33.68
        3.74     0.971875      4424960        35.56
        3.74     0.973437      4424960        37.65
        3.76     0.975000      4432492        40.00
        3.77     0.976562      4438795        42.67
        3.81     0.978125      4448470        45.71
        3.84     0.979688      4456123        49.23
        3.87     0.981250      4462473        53.33
        3.90     0.982812      4467910        58.18
        3.95     0.984375      4475289        64.00
        3.98     0.985156      4479219        67.37
        4.01     0.985938      4482301        71.11
        4.05     0.986719      4485069        75.29
        4.13     0.987500      4490091        80.00
        4.16     0.988281      4491997        85.33
        4.22     0.989062      4495495        91.43
        4.32     0.989844      4499244        98.46
        4.42     0.990625      4502774       106.67
        4.54     0.991406      4506536       116.36
        4.67     0.992188      4509830       128.00
        4.77     0.992578      4511741       134.74
        4.86     0.992969      4513496       142.22
        4.96     0.993359      4514983       150.59
        5.12     0.993750      4516933       160.00
        5.25     0.994141      4518485       170.67
        5.47     0.994531      4520373       182.86
        5.70     0.994922      4521989       196.92
        6.01     0.995313      4523822       213.33
        6.43     0.995703      4525583       232.73
        7.07     0.996094      4527290       256.00
        7.46     0.996289      4528148       269.47
        7.90     0.996484      4529043       284.44
        8.45     0.996680      4529981       301.18
        8.89     0.996875      4530931       320.00
        9.28     0.997070      4531702       341.33
        9.86     0.997266      4532645       365.71
       10.43     0.997461      4533527       393.85
       10.94     0.997656      4534396       426.67
       11.46     0.997852      4535240       465.45
       12.10     0.998047      4536203       512.00
       12.41     0.998145      4536652       538.95
       12.73     0.998242      4537091       568.89
       12.99     0.998340      4537459       602.35
       13.31     0.998437      4537918       640.00
       13.70     0.998535      4538427       682.67
       14.02     0.998633      4538830       731.43
       14.40     0.998730      4539275       787.69
       14.78     0.998828      4539713       853.33
       15.23     0.998926      4540171       930.91
       15.74     0.999023      4540597      1024.00
       16.00     0.999072      4540804      1077.89
       16.32     0.999121      4541028      1137.78
       16.64     0.999170      4541243      1204.71
       17.02     0.999219      4541520      1280.00
       17.28     0.999268      4541684      1365.33
       17.66     0.999316      4541936      1462.86
       18.05     0.999365      4542183      1575.38
       18.30     0.999414      4542342      1706.67
       18.82     0.999463      4542619      1861.82
       19.20     0.999512      4542804      2048.00
       19.45     0.999536      4542916      2155.79
       19.71     0.999561      4543024      2275.56
       19.97     0.999585      4543143      2409.41
       20.22     0.999609      4543246      2560.00
       20.48     0.999634      4543345      2730.67
       20.73     0.999658      4543453      2925.71
       20.99     0.999683      4543559      3150.77
       21.38     0.999707      4543708      3413.33
       21.63     0.999731      4543794      3723.64
       21.89     0.999756      4543913      4096.00
       22.02     0.999768      4543954      4311.58
       22.27     0.999780      4544045      4551.11
       22.40     0.999792      4544085      4818.82
       22.53     0.999805      4544126      5120.00
       22.78     0.999817      4544199      5461.33
       22.91     0.999829      4544240      5851.43
       23.04     0.999841      4544284      6301.54
       23.30     0.999854      4544360      6826.67
       23.55     0.999866      4544415      7447.27
       23.81     0.999878      4544454      8192.00
       23.93     0.999884      4544477      8623.16
       24.19     0.999890      4544521      9102.22
       24.32     0.999896      4544546      9637.65
       24.45     0.999902      4544562     10240.00
       24.57     0.999908      4544586     10922.67
       24.83     0.999915      4544623     11702.86
       25.09     0.999921      4544658     12603.08
       25.21     0.999927      4544670     13653.33
       25.47     0.999933      4544701     14894.55
       25.73     0.999939      4544731     16384.00
       25.86     0.999942      4544748     17246.32
       25.98     0.999945      4544759     18204.44
       26.11     0.999948      4544774     19275.29
       26.24     0.999951      4544798     20480.00
       26.24     0.999954      4544798     21845.33
       26.37     0.999957      4544807     23405.71
       26.62     0.999960      4544826     25206.15
       26.88     0.999963      4544841     27306.67
       27.01     0.999966      4544856     29789.09
       27.14     0.999969      4544864     32768.00
       27.26     0.999971      4544876     34492.63
       27.26     0.999973      4544876     36408.89
       27.39     0.999974      4544887     38550.59
       27.52     0.999976      4544895     40960.00
       27.65     0.999977      4544901     43690.67
       27.77     0.999979      4544912     46811.43
       27.77     0.999980      4544912     50412.31
       28.03     0.999982      4544919     54613.33
       28.16     0.999983      4544927     59578.18
       28.29     0.999985      4544931     65536.00
       28.41     0.999986      4544936     68985.26
       28.54     0.999986      4544940     72817.78
       28.67     0.999987      4544942     77101.18
       28.80     0.999988      4544946     81920.00
       29.18     0.999989      4544948     87381.33
       29.82     0.999989      4544953     93622.86
       30.08     0.999990      4544955    100824.62
       30.72     0.999991      4544960    109226.67
       30.98     0.999992      4544962    119156.36
       31.61     0.999992      4544966    131072.00
       31.74     0.999993      4544968    137970.53
       32.00     0.999993      4544970    145635.56
       32.13     0.999994      4544974    154202.35
       32.13     0.999994      4544974    163840.00
       32.13     0.999994      4544974    174762.67
       32.38     0.999995      4544976    187245.71
       32.51     0.999995      4544978    201649.23
       32.77     0.999995      4544980    218453.33
       33.02     0.999996      4544982    238312.73
       33.28     0.999996      4544987    262144.00
       33.28     0.999996      4544987    275941.05
       33.28     0.999997      4544987    291271.11
       33.28     0.999997      4544987    308404.71
       33.28     0.999997      4544987    327680.00
       33.28     0.999997      4544987    349525.33
       33.53     0.999997      4544988    374491.43
       34.05     0.999998      4544991    403298.46
       34.05     0.999998      4544991    436906.67
       34.05     0.999998      4544991    476625.45
       34.81     0.999998      4544992    524288.00
       34.81     0.999998      4544992    551882.11
       35.07     0.999998      4544993    582542.22
       35.07     0.999998      4544993    616809.41
       35.58     0.999998      4544994    655360.00
       35.58     0.999999      4544994    699050.67
       35.58     0.999999      4544994    748982.86
       36.09     0.999999      4544995    806596.92
       36.09     0.999999      4544995    873813.33
       36.61     0.999999      4544996    953250.91
       36.61     0.999999      4544996   1048576.00
       36.61     0.999999      4544996   1103764.21
       36.86     0.999999      4544997   1165084.44
       36.86     0.999999      4544997   1233618.82
       36.86     0.999999      4544997   1310720.00
       36.86     0.999999      4544997   1398101.33
       36.86     0.999999      4544997   1497965.71
       37.38     0.999999      4544998   1613193.85
       37.38     0.999999      4544998   1747626.67
       37.38     0.999999      4544998   1906501.82
       37.38     1.000000      4544998   2097152.00
       37.38     1.000000      4544998   2207528.42
       38.14     1.000000      4544999   2330168.89
       38.14     1.000000      4544999   2467237.65
       38.14     1.000000      4544999   2621440.00
       38.14     1.000000      4544999   2796202.67
       38.14     1.000000      4544999   2995931.43
       38.14     1.000000      4544999   3226387.69
       38.14     1.000000      4544999   3495253.33
       38.14     1.000000      4544999   3813003.64
       38.14     1.000000      4544999   4194304.00
       38.14     1.000000      4544999   4415056.84
       38.66     1.000000      4545000   4660337.78
       38.66     1.000000      4545000          inf
#[Mean    =        2.273, StdDeviation   =        1.063]
#[Max     =       38.655, Total count    =      4545000]
#[Buckets =           10, SubBuckets     =          256]
