       Value   Percentile   TotalCount 1/(1-Percentile)

        0.22     0.000000            3         1.00
        1.39     0.050000        23297         1.05
        1.57     0.100000        45626         1.11
        1.69     0.150000        70051         1.18
        1.73     0.200000        95342         1.25
        1.75     0.250000       123112         1.33
        1.77     0.300000       144712         1.43
        1.78     0.350000       166215         1.54
        1.80     0.400000       184879         1.67
        1.82     0.450000       205251         1.82
        1.87     0.500000       229618         2.00
        1.90     0.525000       239869         2.11
        1.93     0.550000       252395         2.22
        1.97     0.575000       262013         2.35
        2.10     0.600000       273767         2.50
        2.22     0.625000       284503         2.67
        2.33     0.650000       297078         2.86
        2.45     0.675000       308173         3.08
        2.54     0.700000       319997         3.33
        2.61     0.725000       331915         3.64
        2.65     0.750000       341839         4.00
        2.69     0.762500       348097         4.21
        2.72     0.775000       353080         4.44
        2.78     0.787500       358981         4.71
        2.91     0.800000       364281         5.00
        3.20     0.812500       369941         5.33
        3.33     0.825000       376364         5.71
        3.39     0.837500       382532         6.15
        3.42     0.850000       386926         6.67
        3.46     0.862500       392788         7.27
        3.49     0.875000       400506         8.00
        3.50     0.881250       404981         8.42
        3.50     0.887500       404981         8.89
        3.52     0.893750       409404         9.41
        3.54     0.900000       413596        10.00
        3.54     0.906250       413596        10.67
        3.55     0.912500       417651        11.43
        3.57     0.918750       421194        12.31
        3.57     0.925000       421194        13.33
        3.58     0.931250       424347        14.55
        3.60     0.937500       427168        16.00
        3.62     0.940625       429800        16.84
        3.62     0.943750       429800        17.78
        3.63     0.946875       432116        18.82
        3.65     0.950000       434275        20.00
        3.65     0.953125       434275        21.33
        3.66     0.956250       436227        22.86
        3.68     0.959375       437922        24.62
        3.69     0.962500       439438        26.67
        3.69     0.965625       439438        29.09
        3.73     0.968750       441804        32.00
        3.73     0.970313       441804        33.68
        3.74     0.971875       442735        35.56
        3.76     0.973437       443475        37.65
        3.77     0.975000       444064        40.00
        3.79     0.976562       444578        42.67
        3.82     0.978125       445501        45.71
        3.84     0.979688       445875        49.23
        3.87     0.981250       446496        53.33
        3.92     0.982812       447317        58.18
        3.97     0.984375       447991        64.00
        4.00     0.985156       448349        67.37
        4.03     0.985938       448602        71.11
        4.09     0.986719       449021        75.29
        4.16     0.987500       449436        80.00
        4.22     0.988281       449790        85.33
        4.29     0.989062       450092        91.43
        4.38     0.989844       450466        98.46
        4.51     0.990625       450819       106.67
        4.64     0.991406       451141       116.36
        4.80     0.992188       451475       128.00
        4.89     0.992578       451634       134.74
        5.02     0.992969       451811       142.22
        5.15     0.993359       451984       150.59
        5.31     0.993750       452162       160.00
        5.54     0.994141       452349       170.67
        5.76     0.994531       452518       182.86
        6.08     0.994922       452703       196.92
        6.50     0.995313       452875       213.33
        7.04     0.995703       453045       232.73
        7.74     0.996094       453226       256.00
        8.10     0.996289       453316       269.47
        8.51     0.996484       453409       284.44
        8.83     0.996680       453500       301.18
        9.21     0.996875       453586       320.00
        9.73     0.997070       453673       341.33
       10.24     0.997266       453767       365.71
       10.62     0.997461       453852       393.85
       11.07     0.997656       453935       426.67
       11.52     0.997852       454036       465.45
       12.03     0.998047       454114       512.00
       12.35     0.998145       454160       538.95
       12.54     0.998242       454203       568.89
       12.93     0.998340       454249       602.35
       13.31     0.998437       454291       640.00
       13.70     0.998535       454336       682.67
       14.08     0.998633       454380       731.43
       14.46     0.998730       454429       787.69
       14.85     0.998828       454468       853.33
       15.23     0.998926       454514       930.91
       15.68     0.999023       454556      1024.00
       16.06     0.999072       454578      1077.89
       16.38     0.999121       454602      1137.78
       16.77     0.999170       454628      1204.71
       17.15     0.999219       454652      1280.00
       17.54     0.999268       454673      1365.33
       17.92     0.999316       454691      1462.86
       18.30     0.999365       454713      1575.38
       18.82     0.999414       454737      1706.67
       19.07     0.999463       454759      1861.82
       19.45     0.999512       454782      2048.00
       19.71     0.999536       454790      2155.79
       19.97     0.999561       454802      2275.56
       20.22     0.999585       454817      2409.41
       20.35     0.999609       454824      2560.00
       20.73     0.999634       454835      2730.67
       20.99     0.999658       454852      2925.71
       21.12     0.999683       454860      3150.77
       21.25     0.999707       454867      3413.33
       21.50     0.999731       454882      3723.64
       21.76     0.999756       454893      4096.00
       21.89     0.999768       454897      4311.58
       22.02     0.999780       454901      4551.11
       22.27     0.999792       454909      4818.82
       22.40     0.999805       454917      5120.00
       22.40     0.999817       454917      5461.33
       22.66     0.999829       454923      5851.43
       22.78     0.999841       454929      6301.54
       23.04     0.999854       454936      6826.67
       23.30     0.999866       454941      7447.27
       23.55     0.999878       454946      8192.00
       23.68     0.999884       454950      8623.16
       23.81     0.999890       454955      9102.22
       23.81     0.999896       454955      9637.65
       23.93     0.999902       454960     10240.00
       23.93     0.999908       454960     10922.67
       24.32     0.999915       454962     11702.86
       24.45     0.999921       454964     12603.08
       24.83     0.999927       454967     13653.33
       25.21     0.999933       454971     14894.55
       25.34     0.999939       454973     16384.00
       25.47     0.999942       454975     17246.32
       25.60     0.999945       454976     18204.44
       25.73     0.999948       454977     19275.29
       25.98     0.999951       454980     20480.00
       25.98     0.999954       454980     21845.33
       26.11     0.999957       454982     23405.71
       26.11     0.999960       454982     25206.15
       26.24     0.999963       454984     27306.67
       26.37     0.999966       454985     29789.09
       26.62     0.999969       454988     32768.00
       26.62     0.999971       454988     34492.63
       26.62     0.999973       454988     36408.89
       26.75     0.999974       454989     38550.59
       26.75     0.999976       454989     40960.00
       26.88     0.999977       454990     43690.67
       27.14     0.999979       454991     46811.43
       27.14     0.999980       454991     50412.31
       27.26     0.999982       454992     54613.33
       27.65     0.999983       454993     59578.18
       28.03     0.999985       454994     65536.00
       28.03     0.999986       454994     68985.26
       28.03     0.999986       454994     72817.78
       28.29     0.999987       454995     77101.18
       28.29     0.999988       454995     81920.00
       28.29     0.999989       454995     87381.33
       29.05     0.999989       454997     93622.86
       29.05     0.999990       454997    100824.62
       29.05     0.999991       454997    109226.67
       29.05     0.999992       454997    119156.36
       29.05     0.999992       454997    131072.00
       29.05     0.999993       454997    137970.53
       29.05     0.999993       454997    145635.56
       31.10     0.999994       454998    154202.35
       31.10     0.999994       454998    163840.00
       31.10     0.999994       454998    174762.67
       31.10     0.999995       454998    187245.71
       31.10     0.999995       454998    201649.23
       31.10     0.999995       454998    218453.33
       33.02     0.999996       454999    238312.73
       33.02     0.999996       454999    262144.00
       33.02     0.999996       454999    275941.05
       33.02     0.999997       454999    291271.11
       33.02     0.999997       454999    308404.71
       33.02     0.999997       454999    327680.00
       33.02     0.999997       454999    349525.33
       33.02     0.999997       454999    374491.43
       33.02     0.999998       454999    403298.46
       33.02     0.999998       454999    436906.67
       35.58     0.999998       455000    476625.45
       35.58     1.000000       455000          inf
#[Mean    =        2.277, StdDeviation   =        1.073]
#[Max     =       35.583, Total count    =       455000]
#[Buckets =           10, SubBuckets     =          256]
