       Value   Percentile   TotalCount 1/(1-Percentile)

        0.06     0.000000            3         1.00
        2.72     0.050000        23526         1.05
        2.73     0.100000        52127         1.11
        2.75     0.150000        97435         1.18
        2.75     0.200000        97435         1.25
        2.77     0.250000       149638         1.33
        2.77     0.300000       149638         1.43
        2.78     0.350000       205277         1.54
        2.78     0.400000       205277         1.67
        2.78     0.450000       205277         1.82
        2.80     0.500000       254049         2.00
        2.80     0.525000       254049         2.11
        2.80     0.550000       254049         2.22
        2.81     0.575000       300457         2.35
        2.81     0.600000       300457         2.50
        2.81     0.625000       300457         2.67
        2.81     0.650000       300457         2.86
        2.83     0.675000       340731         3.08
        2.83     0.700000       340731         3.33
        2.83     0.725000       340731         3.64
        2.85     0.750000       366238         4.00
        2.85     0.762500       366238         4.21
        2.85     0.775000       366238         4.44
        2.85     0.787500       366238         4.71
        2.85     0.800000       366238         5.00
        2.86     0.812500       381919         5.33
        2.86     0.825000       381919         5.71
        2.86     0.837500       381919         6.15
        2.88     0.850000       393229         6.67
        2.88     0.862500       393229         7.27
        2.90     0.875000       401340         8.00
        2.90     0.881250       401340         8.42
        2.91     0.887500       406402         8.89
        2.93     0.893750       409348         9.41
        2.94     0.900000       411215        10.00
        2.98     0.906250       413334        10.67
        3.06     0.912500       415224        11.43
        3.15     0.918750       418283        12.31
        3.20     0.925000       422669        13.33
        3.21     0.931250       426998        14.55
        3.21     0.937500       426998        16.00
        3.23     0.940625       431749        16.84
        3.23     0.943750       431749        17.78
        3.23     0.946875       431749        18.82
        3.25     0.950000       435092        20.00
        3.25     0.953125       435092        21.33
        3.26     0.956250       438793        22.86
        3.26     0.959375       438793        24.62
        3.26     0.962500       438793        26.67
        3.28     0.965625       443057        29.09
        3.28     0.968750       443057        32.00
        3.28     0.970313       443057        33.68
        3.28     0.971875       443057        35.56
        3.28     0.973437       443057        37.65
        3.29     0.975000       445492        40.00
        3.29     0.976562       445492        42.67
        3.29     0.978125       445492        45.71
        3.31     0.979688       446389        49.23
        3.33     0.981250       446995        53.33
        3.34     0.982812       447491        58.18
        3.38     0.984375       448196        64.00
        3.39     0.985156       448725        67.37
        3.39     0.985938       448725        71.11
        3.41     0.986719       449413        75.29
        3.41     0.987500       449413        80.00
        3.42     0.988281       450027        85.33
        3.42     0.989062       450027        91.43
        3.44     0.989844       450533        98.46
        3.46     0.990625       450858       106.67
        3.49     0.991406       451255       116.36
        3.52     0.992188       451479       128.00
        3.62     0.992578       451630       134.74
        3.87     0.992969       451802       142.22
        4.06     0.993359       451991       150.59
        4.13     0.993750       452163       160.00
        4.29     0.994141       452390       170.67
        4.64     0.994531       452512       182.86
        5.70     0.994922       452693       196.92
        6.59     0.995313       452871       213.33
        7.46     0.995703       453046       232.73
        8.51     0.996094       453225       256.00
        8.96     0.996289       453321       269.47
        9.54     0.996484       453411       284.44
        9.98     0.996680       453495       301.18
       10.37     0.996875       453585       320.00
       10.94     0.997070       453672       341.33
       11.52     0.997266       453757       365.71
       12.10     0.997461       453847       393.85
       12.73     0.997656       453941       426.67
       13.38     0.997852       454031       465.45
       13.95     0.998047       454113       512.00
       14.34     0.998145       454165       538.95
       14.59     0.998242       454202       568.89
       14.97     0.998340       454256       602.35
       15.17     0.998437       454292       640.00
       15.55     0.998535       454344       682.67
       15.74     0.998633       454382       731.43
       16.06     0.998730       454432       787.69
       16.32     0.998828       454468       853.33
       16.64     0.998926       454513       930.91
       17.02     0.999023       454557      1024.00
       17.15     0.999072       454580      1077.89
       17.41     0.999121       454610      1137.78
       17.54     0.999170       454623      1204.71
       17.79     0.999219       454648      1280.00
       17.92     0.999268       454667      1365.33
       18.43     0.999316       454693      1462.86
       18.94     0.999365       454714      1575.38
       19.71     0.999414       454734      1706.67
       20.61     0.999463       454759      1861.82
       21.76     0.999512       454778      2048.00
       22.40     0.999536       454790      2155.79
       22.66     0.999561       454801      2275.56
       23.30     0.999585       454813      2409.41
       24.19     0.999609       454823      2560.00
       25.09     0.999634       454834      2730.67
       25.73     0.999658       454845      2925.71
       26.24     0.999683       454856      3150.77
       26.75     0.999707       454868      3413.33
       27.39     0.999731       454878      3723.64
       27.90     0.999756       454891      4096.00
       28.41     0.999768       454900      4311.58
       28.54     0.999780       454906      4551.11
       28.54     0.999792       454906      4818.82
       29.05     0.999805       454916      5120.00
       29.18     0.999817       454919      5461.33
       29.44     0.999829       454923      5851.43
       29.82     0.999841       454930      6301.54
       30.08     0.999854       454935      6826.67
       30.34     0.999866       454940      7447.27
       30.72     0.999878       454947      8192.00
       30.85     0.999884       454950      8623.16
       30.98     0.999890       454953      9102.22
       30.98     0.999896       454953      9637.65
       31.23     0.999902       454956     10240.00
       31.36     0.999908       454959     10922.67
       31.61     0.999915       454962     11702.86
       31.87     0.999921       454968     12603.08
       31.87     0.999927       454968     13653.33
       32.00     0.999933       454970     14894.55
       32.13     0.999939       454974     16384.00
       32.13     0.999942       454974     17246.32
       32.38     0.999945       454978     18204.44
       32.38     0.999948       454978     19275.29
       32.38     0.999951       454978     20480.00
       32.51     0.999954       454981     21845.33
       32.51     0.999957       454981     23405.71
       32.77     0.999960       454983     25206.15
       33.02     0.999963       454989     27306.67
       33.02     0.999966       454989     29789.09
       33.02     0.999969       454989     32768.00
       33.02     0.999971       454989     34492.63
       33.02     0.999973       454989     36408.89
       33.02     0.999974       454989     38550.59
       33.02     0.999976       454989     40960.00
       33.28     0.999977       454991     43690.67
       33.28     0.999979       454991     46811.43
       33.28     0.999980       454991     50412.31
       33.53     0.999982       454994     54613.33
       33.53     0.999983       454994     59578.18
       33.53     0.999985       454994     65536.00
       33.53     0.999986       454994     68985.26
       33.53     0.999986       454994     72817.78
       33.79     0.999987       454996     77101.18
       33.79     0.999988       454996     81920.00
       33.79     0.999989       454996     87381.33
       33.79     0.999989       454996     93622.86
       33.79     0.999990       454996    100824.62
       33.79     0.999991       454996    109226.67
       34.30     0.999992       454997    119156.36
       34.30     0.999992       454997    131072.00
       34.30     0.999993       454997    137970.53
       34.30     0.999993       454997    145635.56
       34.81     0.999994       454998    154202.35
       34.81     0.999994       454998    163840.00
       34.81     0.999994       454998    174762.67
       34.81     0.999995       454998    187245.71
       34.81     0.999995       454998    201649.23
       34.81     0.999995       454998    218453.33
       36.09     0.999996       454999    238312.73
       36.09     0.999996       454999    262144.00
       36.09     0.999996       454999    275941.05
       36.09     0.999997       454999    291271.11
       36.09     0.999997       454999    308404.71
       36.09     0.999997       454999    327680.00
       36.09     0.999997       454999    349525.33
       36.09     0.999997       454999    374491.43
       36.09     0.999998       454999    403298.46
       36.09     0.999998       454999    436906.67
       36.86     0.999998       455000    476625.45
       36.86     1.000000       455000          inf
#[Mean    =        2.868, StdDeviation   =        0.889]
#[Max     =       36.863, Total count    =       455000]
#[Buckets =           10, SubBuckets     =          256]
