       Value   Percentile   TotalCount 1/(1-Percentile)

        0.09     0.000000            1         1.00
        2.80     0.050000       258511         1.05
        2.83     0.100000       500070         1.11
        2.86     0.150000       793884         1.18
        2.88     0.200000      1038567         1.25
        2.90     0.250000      1346822         1.33
        2.91     0.300000      1642436         1.43
        2.91     0.350000      1642436         1.54
        2.93     0.400000      1908756         1.67
        2.94     0.450000      2112242         1.82
        2.98     0.500000      2315919         2.00
        3.01     0.525000      2409406         2.11
        3.21     0.550000      2518522         2.22
        3.28     0.575000      2634668         2.35
        3.31     0.600000      2852436         2.50
        3.31     0.625000      2852436         2.67
        3.33     0.650000      3044730         2.86
        3.34     0.675000      3231346         3.08
        3.34     0.700000      3231346         3.33
        3.36     0.725000      3396133         3.64
        3.38     0.750000      3550969         4.00
        3.38     0.762500      3550969         4.21
        3.38     0.775000      3550969         4.44
        3.39     0.787500      3703011         4.71
        3.39     0.800000      3703011         5.00
        3.39     0.812500      3703011         5.33
        3.41     0.825000      3883083         5.71
        3.41     0.837500      3883083         6.15
        3.41     0.850000      3883083         6.67
        3.42     0.862500      4056059         7.27
        3.42     0.875000      4056059         8.00
        3.42     0.881250      4056059         8.42
        3.42     0.887500      4056059         8.89
        3.44     0.893750      4190782         9.41
        3.44     0.900000      4190782        10.00
        3.44     0.906250      4190782        10.67
        3.44     0.912500      4190782        11.43
        3.44     0.918750      4190782        12.31
        3.46     0.925000      4286535        13.33
        3.46     0.931250      4286535        14.55
        3.46     0.937500      4286535        16.00
        3.46     0.940625      4286535        16.84
        3.47     0.943750      4336899        17.78
        3.47     0.946875      4336899        18.82
        3.47     0.950000      4336899        20.00
        3.47     0.953125      4336899        21.33
        3.49     0.956250      4360451        22.86
        3.49     0.959375      4360451        24.62
        3.52     0.962500      4376115        26.67
        3.55     0.965625      4396671        29.09
        3.57     0.968750      4412471        32.00
        3.57     0.970313      4412471        33.68
        3.58     0.971875      4425978        35.56
        3.58     0.973437      4425978        37.65
        3.60     0.975000      4435588        40.00
        3.62     0.976562      4449375        42.67
        3.62     0.978125      4449375        45.71
        3.63     0.979688      4470139        49.23
        3.63     0.981250      4470139        53.33
        3.63     0.982812      4470139        58.18
        3.65     0.984375      4484506        64.00
        3.65     0.985156      4484506        67.37
        3.65     0.985938      4484506        71.11
        3.66     0.986719      4490122        75.29
        3.66     0.987500      4490122        80.00
        3.68     0.988281      4492475        85.33
        3.73     0.989062      4495814        91.43
        3.81     0.989844      4498856        98.46
        3.92     0.990625      4502816       106.67
        4.01     0.991406      4506206       116.36
        4.19     0.992188      4509783       128.00
        4.29     0.992578      4511561       134.74
        4.45     0.992969      4513151       142.22
        4.70     0.993359      4514896       150.59
        4.96     0.993750      4516605       160.00
        5.47     0.994141      4518395       170.67
        6.17     0.994531      4520206       182.86
        6.97     0.994922      4521949       196.92
        7.93     0.995313      4523742       213.33
        9.02     0.995703      4525525       232.73
       10.05     0.996094      4527282       256.00
       10.56     0.996289      4528176       269.47
       11.07     0.996484      4529055       284.44
       11.58     0.996680      4529979       301.18
       12.03     0.996875      4530912       320.00
       12.41     0.997070      4531759       341.33
       12.80     0.997266      4532576       365.71
       13.31     0.997461      4533491       393.85
       13.82     0.997656      4534423       426.67
       14.34     0.997852      4535263       465.45
       14.91     0.998047      4536229       512.00
       15.10     0.998145      4536613       538.95
       15.36     0.998242      4537045       568.89
       15.62     0.998340      4537483       602.35
       15.87     0.998437      4537907       640.00
       16.19     0.998535      4538438       682.67
       16.51     0.998633      4538917       731.43
       16.77     0.998730      4539288       787.69
       17.15     0.998828      4539845       853.33
       17.41     0.998926      4540179       930.91
       17.79     0.999023      4540659      1024.00
       17.92     0.999072      4540807      1077.89
       18.18     0.999121      4541080      1137.78
       18.43     0.999170      4541352      1204.71
       18.69     0.999219      4541555      1280.00
       18.94     0.999268      4541718      1365.33
       19.45     0.999316      4541923      1462.86
       20.22     0.999365      4542128      1575.38
       21.25     0.999414      4542347      1706.67
       22.14     0.999463      4542571      1861.82
       23.17     0.999512      4542802      2048.00
       23.68     0.999536      4542913      2155.79
       24.19     0.999561      4543034      2275.56
       24.57     0.999585      4543127      2409.41
       24.96     0.999609      4543225      2560.00
       25.47     0.999634      4543341      2730.67
       25.98     0.999658      4543466      2925.71
       26.37     0.999683      4543561      3150.77
       26.88     0.999707      4543691      3413.33
       27.39     0.999731      4543804      3723.64
       27.90     0.999756      4543919      4096.00
       28.16     0.999768      4543975      4311.58
       28.29     0.999780      4544002      4551.11
       28.54     0.999792      4544057      4818.82
       28.93     0.999805      4544138      5120.00
       29.18     0.999817      4544189      5461.33
       29.44     0.999829      4544237      5851.43
       29.70     0.999841      4544299      6301.54
       29.95     0.999854      4544345      6826.67
       30.21     0.999866      4544405      7447.27
       30.46     0.999878      4544455      8192.00
       30.59     0.999884      4544473      8623.16
       30.72     0.999890      4544503      9102.22
       30.98     0.999896      4544552      9637.65
       31.10     0.999902      4544570     10240.00
       31.23     0.999908      4544594     10922.67
       31.36     0.999915      4544619     11702.86
       31.49     0.999921      4544643     12603.08
       31.74     0.999927      4544682     13653.33
       31.87     0.999933      4544703     14894.55
       32.00     0.999939      4544723     16384.00
       32.13     0.999942      4544745     17246.32
       32.26     0.999945      4544768     18204.44
       32.26     0.999948      4544768     19275.29
       32.38     0.999951      4544783     20480.00
       32.51     0.999954      4544799     21845.33
       32.64     0.999957      4544824     23405.71
       32.64     0.999960      4544824     25206.15
       32.77     0.999963      4544838     27306.67
       33.02     0.999966      4544864     29789.09
       33.02     0.999969      4544864     32768.00
       33.28     0.999971      4544890     34492.63
       33.28     0.999973      4544890     36408.89
       33.28     0.999974      4544890     38550.59
       33.28     0.999976      4544890     40960.00
       33.53     0.999977      4544911     43690.67
       33.53     0.999979      4544911     46811.43
       33.53     0.999980      4544911     50412.31
       33.79     0.999982      4544929     54613.33
       33.79     0.999983      4544929     59578.18
       34.05     0.999985      4544945     65536.00
       34.05     0.999986      4544945     68985.26
       34.05     0.999986      4544945     72817.78
       34.05     0.999987      4544945     77101.18
       34.05     0.999988      4544945     81920.00
       34.30     0.999989      4544958     87381.33
       34.30     0.999989      4544958     93622.86
       34.30     0.999990      4544958    100824.62
       34.56     0.999991      4544962    109226.67
       34.56     0.999992      4544962    119156.36
       34.81     0.999992      4544973    131072.00
       34.81     0.999993      4544973    137970.53
       34.81     0.999993      4544973    145635.56
       34.81     0.999994      4544973    154202.35
       34.81     0.999994      4544973    163840.00
       35.07     0.999994      4544979    174762.67
       35.07     0.999995      4544979    187245.71
       35.07     0.999995      4544979    201649.23
       35.33     0.999995      4544981    218453.33
       35.33     0.999996      4544981    238312.73
       35.58     0.999996      4544985    262144.00
       35.58     0.999996      4544985    275941.05
       35.58     0.999997      4544985    291271.11
       35.84     0.999997      4544987    308404.71
       35.84     0.999997      4544987    327680.00
       35.84     0.999997      4544987    349525.33
       36.09     0.999997      4544988    374491.43
       36.35     0.999998      4544990    403298.46
       36.35     0.999998      4544990    436906.67
       36.61     0.999998      4544992    476625.45
       36.61     0.999998      4544992    524288.00
       36.61     0.999998      4544992    551882.11
      205.82     0.999998      4544994    582542.22
      205.82     0.999998      4544994    616809.41
      205.82     0.999998      4544994    655360.00
      205.82     0.999999      4544994    699050.67
      205.82     0.999999      4544994    748982.86
      206.85     0.999999      4544997    806596.92
      206.85     0.999999      4544997    873813.33
      206.85     0.999999      4544997    953250.91
      206.85     0.999999      4544997   1048576.00
      206.85     0.999999      4544997   1103764.21
      206.85     0.999999      4544997   1165084.44
      206.85     0.999999      4544997   1233618.82
      206.85     0.999999      4544997   1310720.00
      206.85     0.999999      4544997   1398101.33
      206.85     0.999999      4544997   1497965.71
      207.87     0.999999      4545000   1613193.85
      207.87     1.000000      4545000          inf
#[Mean    =        3.159, StdDeviation   =        0.993]
#[Max     =      207.871, Total count    =      4545000]
#[Buckets =           10, SubBuckets     =          256]
