       Value   Percentile   TotalCount 1/(1-Percentile)

        0.06     0.000000            2         1.00
        2.80     0.050000       284317         1.05
        2.83     0.100000       549489         1.11
        2.86     0.150000       872999         1.18
        2.88     0.200000      1141926         1.25
        2.90     0.250000      1480462         1.33
        2.91     0.300000      1805337         1.43
        2.91     0.350000      1805337         1.54
        2.93     0.400000      2098697         1.67
        2.94     0.450000      2322868         1.82
        2.98     0.500000      2546951         2.00
        3.01     0.525000      2650092         2.11
        3.21     0.550000      2770665         2.22
        3.28     0.575000      2898396         2.35
        3.31     0.600000      3137918         2.50
        3.31     0.625000      3137918         2.67
        3.33     0.650000      3349396         2.86
        3.34     0.675000      3554568         3.08
        3.34     0.700000      3554568         3.33
        3.36     0.725000      3735805         3.64
        3.38     0.750000      3905982         4.00
        3.38     0.762500      3905982         4.21
        3.38     0.775000      3905982         4.44
        3.39     0.787500      4073103         4.71
        3.39     0.800000      4073103         5.00
        3.39     0.812500      4073103         5.33
        3.41     0.825000      4271083         5.71
        3.41     0.837500      4271083         6.15
        3.41     0.850000      4271083         6.67
        3.42     0.862500      4461199         7.27
        3.42     0.875000      4461199         8.00
        3.42     0.881250      4461199         8.42
        3.42     0.887500      4461199         8.89
        3.44     0.893750      4609574         9.41
        3.44     0.900000      4609574        10.00
        3.44     0.906250      4609574        10.67
        3.44     0.912500      4609574        11.43
        3.44     0.918750      4609574        12.31
        3.46     0.925000      4715048        13.33
        3.46     0.931250      4715048        14.55
        3.46     0.937500      4715048        16.00
        3.46     0.940625      4715048        16.84
        3.47     0.943750      4770633        17.78
        3.47     0.946875      4770633        18.82
        3.47     0.950000      4770633        20.00
        3.47     0.953125      4770633        21.33
        3.49     0.956250      4796541        22.86
        3.50     0.959375      4806031        24.62
        3.52     0.962500      4813870        26.67
        3.55     0.965625      4836549        29.09
        3.57     0.968750      4853957        32.00
        3.57     0.970313      4853957        33.68
        3.58     0.971875      4868833        35.56
        3.58     0.973437      4868833        37.65
        3.60     0.975000      4879405        40.00
        3.62     0.976562      4894574        42.67
        3.62     0.978125      4894574        45.71
        3.63     0.979688      4917346        49.23
        3.63     0.981250      4917346        53.33
        3.63     0.982812      4917346        58.18
        3.65     0.984375      4933161        64.00
        3.65     0.985156      4933161        67.37
        3.65     0.985938      4933161        71.11
        3.66     0.986719      4939338        75.29
        3.66     0.987500      4939338        80.00
        3.68     0.988281      4941965        85.33
        3.73     0.989062      4945679        91.43
        3.82     0.989844      4949570        98.46
        3.92     0.990625      4953419       106.67
        4.01     0.991406      4957150       116.36
        4.19     0.992188      4961088       128.00
        4.29     0.992578      4963036       134.74
        4.48     0.992969      4965059       142.22
        4.74     0.993359      4966907       150.59
        5.05     0.993750      4968872       160.00
        5.60     0.994141      4970767       170.67
        6.33     0.994531      4972706       182.86
        7.13     0.994922      4974707       196.92
        8.10     0.995313      4976608       213.33
        9.15     0.995703      4978589       232.73
       10.11     0.996094      4980521       256.00
       10.62     0.996289      4981514       269.47
       11.13     0.996484      4982491       284.44
       11.65     0.996680      4983507       301.18
       12.03     0.996875      4984404       320.00
       12.48     0.997070      4985429       341.33
       12.86     0.997266      4986378       365.71
       13.38     0.997461      4987310       393.85
       13.89     0.997656      4988321       426.67
       14.40     0.997852      4989361       465.45
       14.91     0.998047      4990319       512.00
       15.10     0.998145      4990728       538.95
       15.42     0.998242      4991318       568.89
       15.68     0.998340      4991783       602.35
       15.94     0.998437      4992275       640.00
       16.19     0.998535      4992728       682.67
       16.51     0.998633      4993265       731.43
       16.77     0.998730      4993679       787.69
       17.15     0.998828      4994292       853.33
       17.41     0.998926      4994658       930.91
       17.79     0.999023      4995196      1024.00
       18.05     0.999072      4995518      1077.89
       18.18     0.999121      4995663      1137.78
       18.43     0.999170      4995965      1204.71
       18.69     0.999219      4996186      1280.00
       18.94     0.999268      4996368      1365.33
       19.45     0.999316      4996597      1462.86
       20.35     0.999365      4996865      1575.38
       21.25     0.999414      4997071      1706.67
       22.27     0.999463      4997343      1861.82
       23.17     0.999512      4997573      2048.00
       23.68     0.999536      4997699      2155.79
       24.19     0.999561      4997830      2275.56
       24.57     0.999585      4997933      2409.41
       25.09     0.999609      4998065      2560.00
       25.60     0.999634      4998206      2730.67
       25.98     0.999658      4998300      2925.71
       26.50     0.999683      4998444      3150.77
       26.88     0.999707      4998546      3413.33
       27.39     0.999731      4998676      3723.64
       27.90     0.999756      4998804      4096.00
       28.16     0.999768      4998868      4311.58
       28.41     0.999780      4998923      4551.11
       28.67     0.999792      4998984      4818.82
       28.93     0.999805      4999050      5120.00
       29.18     0.999817      4999106      5461.33
       29.44     0.999829      4999161      5851.43
       29.70     0.999841      4999229      6301.54
       29.95     0.999854      4999281      6826.67
       30.21     0.999866      4999346      7447.27
       30.46     0.999878      4999401      8192.00
       30.59     0.999884      4999423      8623.16
       30.72     0.999890      4999457      9102.22
       30.85     0.999896      4999484      9637.65
       31.10     0.999902      4999530     10240.00
       31.23     0.999908      4999557     10922.67
       31.36     0.999915      4999587     11702.86
       31.49     0.999921      4999613     12603.08
       31.74     0.999927      4999658     13653.33
       31.87     0.999933      4999680     14894.55
       32.00     0.999939      4999702     16384.00
       32.13     0.999942      4999728     17246.32
       32.13     0.999945      4999728     18204.44
       32.26     0.999948      4999754     19275.29
       32.38     0.999951      4999771     20480.00
       32.51     0.999954      4999788     21845.33
       32.51     0.999957      4999788     23405.71
       32.64     0.999960      4999814     25206.15
       32.77     0.999963      4999828     27306.67
       33.02     0.999966      4999857     29789.09
       33.02     0.999969      4999857     32768.00
       33.02     0.999971      4999857     34492.63
       33.28     0.999973      4999885     36408.89
       33.28     0.999974      4999885     38550.59
       33.28     0.999976      4999885     40960.00
       33.53     0.999977      4999907     43690.67
       33.53     0.999979      4999907     46811.43
       33.53     0.999980      4999907     50412.31
       33.79     0.999982      4999927     54613.33
       33.79     0.999983      4999927     59578.18
       33.79     0.999985      4999927     65536.00
       34.05     0.999986      4999943     68985.26
       34.05     0.999986      4999943     72817.78
       34.05     0.999987      4999943     77101.18
       34.05     0.999988      4999943     81920.00
       34.05     0.999989      4999943     87381.33
       34.30     0.999989      4999956     93622.86
       34.30     0.999990      4999956    100824.62
       34.30     0.999991      4999956    109226.67
       34.56     0.999992      4999962    119156.36
       34.56     0.999992      4999962    131072.00
       34.81     0.999993      4999973    137970.53
       34.81     0.999993      4999973    145635.56
       34.81     0.999994      4999973    154202.35
       34.81     0.999994      4999973    163840.00
       34.81     0.999994      4999973    174762.67
       35.07     0.999995      4999979    187245.71
       35.07     0.999995      4999979    201649.23
       35.07     0.999995      4999979    218453.33
       35.33     0.999996      4999981    238312.73
       35.33     0.999996      4999981    262144.00
       35.58     0.999996      4999985    275941.05
       35.58     0.999997      4999985    291271.11
       35.58     0.999997      4999985    308404.71
       35.58     0.999997      4999985    327680.00
       35.84     0.999997      4999987    349525.33
       35.84     0.999997      4999987    374491.43
       36.09     0.999998      4999988    403298.46
       36.35     0.999998      4999990    436906.67
       36.35     0.999998      4999990    476625.45
       36.61     0.999998      4999992    524288.00
       36.61     0.999998      4999992    551882.11
       36.61     0.999998      4999992    582542.22
       36.61     0.999998      4999992    616809.41
      205.82     0.999998      4999994    655360.00
      205.82     0.999999      4999994    699050.67
      205.82     0.999999      4999994    748982.86
      205.82     0.999999      4999994    806596.92
      206.85     0.999999      4999997    873813.33
      206.85     0.999999      4999997    953250.91
      206.85     0.999999      4999997   1048576.00
      206.85     0.999999      4999997   1103764.21
      206.85     0.999999      4999997   1165084.44
      206.85     0.999999      4999997   1233618.82
      206.85     0.999999      4999997   1310720.00
      206.85     0.999999      4999997   1398101.33
      206.85     0.999999      4999997   1497965.71
      206.85     0.999999      4999997   1613193.85
      207.87     0.999999      5000000   1747626.67
      207.87     1.000000      5000000          inf
#[Mean    =        3.159, StdDeviation   =        0.993]
#[Max     =      207.871, Total count    =      5000000]
#[Buckets =           10, SubBuckets     =          256]
