       Value   Percentile   TotalCount 1/(1-Percentile)

        0.06     0.000000            2         1.00
        2.80     0.050000        25806         1.05
        2.83     0.100000        49419         1.11
        2.86     0.150000        79115         1.18
        2.88     0.200000       103359         1.25
        2.90     0.250000       133640         1.33
        2.91     0.300000       162901         1.43
        2.91     0.350000       162901         1.54
        2.93     0.400000       189941         1.67
        2.94     0.450000       210626         1.82
        2.98     0.500000       231032         2.00
        3.01     0.525000       240686         2.11
        3.21     0.550000       252143         2.22
        3.28     0.575000       263728         2.35
        3.31     0.600000       285482         2.50
        3.31     0.625000       285482         2.67
        3.33     0.650000       304666         2.86
        3.34     0.675000       323222         3.08
        3.34     0.700000       323222         3.33
        3.36     0.725000       339672         3.64
        3.38     0.750000       355013         4.00
        3.38     0.762500       355013         4.21
        3.38     0.775000       355013         4.44
        3.39     0.787500       370092         4.71
        3.39     0.800000       370092         5.00
        3.39     0.812500       370092         5.33
        3.41     0.825000       388000         5.71
        3.41     0.837500       388000         6.15
        3.41     0.850000       388000         6.67
        3.42     0.862500       405140         7.27
        3.42     0.875000       405140         8.00
        3.42     0.881250       405140         8.42
        3.42     0.887500       405140         8.89
        3.44     0.893750       418792         9.41
        3.44     0.900000       418792        10.00
        3.44     0.906250       418792        10.67
        3.44     0.912500       418792        11.43
        3.44     0.918750       418792        12.31
        3.46     0.925000       428513        13.33
        3.46     0.931250       428513        14.55
        3.46     0.937500       428513        16.00
        3.46     0.940625       428513        16.84
        3.47     0.943750       433734        17.78
        3.47     0.946875       433734        18.82
        3.47     0.950000       433734        20.00
        3.47     0.953125       433734        21.33
        3.49     0.956250       436090        22.86
        3.50     0.959375       437030        24.62
        3.54     0.962500       438720        26.67
        3.55     0.965625       439878        29.09
        3.57     0.968750       441486        32.00
        3.58     0.970313       442855        33.68
        3.58     0.971875       442855        35.56
        3.60     0.973437       443817        37.65
        3.60     0.975000       443817        40.00
        3.62     0.976562       445199        42.67
        3.62     0.978125       445199        45.71
        3.63     0.979688       447207        49.23
        3.63     0.981250       447207        53.33
        3.63     0.982812       447207        58.18
        3.65     0.984375       448655        64.00
        3.65     0.985156       448655        67.37
        3.65     0.985938       448655        71.11
        3.66     0.986719       449216        75.29
        3.68     0.987500       449490        80.00
        3.71     0.988281       449771        85.33
        3.77     0.989062       450116        91.43
        3.87     0.989844       450379        98.46
        3.97     0.990625       450742       106.67
        4.09     0.991406       451123       116.36
        4.29     0.992188       451475       128.00
        4.51     0.992578       451645       134.74
        4.86     0.992969       451803       142.22
        5.31     0.993359       451988       150.59
        6.17     0.993750       452162       160.00
        6.97     0.994141       452334       170.67
        7.62     0.994531       452519       182.86
        8.57     0.994922       452696       196.92
        9.28     0.995313       452942       213.33
        9.66     0.995703       453061       232.73
       10.56     0.996094       453225       256.00
       11.07     0.996289       453328       269.47
       11.58     0.996484       453409       284.44
       12.03     0.996680       453492       301.18
       12.61     0.996875       453585       320.00
       13.12     0.997070       453671       341.33
       13.63     0.997266       453761       365.71
       13.95     0.997461       453889       393.85
       14.08     0.997656       453947       426.67
       14.59     0.997852       454023       465.45
       15.10     0.998047       454115       512.00
       15.36     0.998145       454158       538.95
       15.62     0.998242       454206       568.89
       15.94     0.998340       454254       602.35
       16.19     0.998437       454290       640.00
       16.51     0.998535       454348       682.67
       16.77     0.998633       454391       731.43
       17.02     0.998730       454427       787.69
       17.41     0.998828       454479       853.33
       17.66     0.998926       454516       930.91
       18.05     0.999023       454570      1024.00
       18.18     0.999072       454583      1077.89
       18.30     0.999121       454601      1137.78
       18.69     0.999170       454631      1204.71
       18.94     0.999219       454650      1280.00
       19.33     0.999268       454672      1365.33
       19.97     0.999316       454690      1462.86
       20.86     0.999365       454714      1575.38
       21.76     0.999414       454737      1706.67
       22.53     0.999463       454758      1861.82
       23.42     0.999512       454779      2048.00
       23.93     0.999536       454792      2155.79
       24.45     0.999561       454803      2275.56
       25.09     0.999585       454815      2409.41
       25.47     0.999609       454826      2560.00
       25.98     0.999634       454834      2730.67
       26.37     0.999658       454846      2925.71
       27.01     0.999683       454860      3150.77
       27.39     0.999707       454872      3413.33
       27.65     0.999731       454880      3723.64
       28.16     0.999756       454893      4096.00
       28.29     0.999768       454896      4311.58
       28.54     0.999780       454901      4551.11
       28.80     0.999792       454909      4818.82
       28.93     0.999805       454912      5120.00
       29.18     0.999817       454917      5461.33
       29.44     0.999829       454924      5851.43
       29.70     0.999841       454930      6301.54
       29.82     0.999854       454934      6826.67
       30.21     0.999866       454941      7447.27
       30.46     0.999878       454946      8192.00
       30.59     0.999884       454950      8623.16
       30.72     0.999890       454954      9102.22
       30.72     0.999896       454954      9637.65
       30.85     0.999902       454956     10240.00
       31.10     0.999908       454960     10922.67
       31.23     0.999915       454963     11702.86
       31.36     0.999921       454968     12603.08
       31.36     0.999927       454968     13653.33
       31.49     0.999933       454970     14894.55
       31.74     0.999939       454976     16384.00
       31.74     0.999942       454976     17246.32
       31.74     0.999945       454976     18204.44
       31.87     0.999948       454977     19275.29
       32.00     0.999951       454979     20480.00
       32.13     0.999954       454983     21845.33
       32.13     0.999957       454983     23405.71
       32.13     0.999960       454983     25206.15
       32.26     0.999963       454986     27306.67
       32.26     0.999966       454986     29789.09
       32.38     0.999969       454988     32768.00
       32.38     0.999971       454988     34492.63
       32.38     0.999973       454988     36408.89
       32.51     0.999974       454989     38550.59
       32.51     0.999976       454989     40960.00
       32.64     0.999977       454990     43690.67
       33.02     0.999979       454993     46811.43
       33.02     0.999980       454993     50412.31
       33.02     0.999982       454993     54613.33
       33.02     0.999983       454993     59578.18
       33.28     0.999985       454995     65536.00
       33.28     0.999986       454995     68985.26
       33.28     0.999986       454995     72817.78
       33.28     0.999987       454995     77101.18
       33.28     0.999988       454995     81920.00
       33.28     0.999989       454995     87381.33
       33.53     0.999989       454996     93622.86
       33.53     0.999990       454996    100824.62
       33.53     0.999991       454996    109226.67
       33.79     0.999992       454998    119156.36
       33.79     0.999992       454998    131072.00
       33.79     0.999993       454998    137970.53
       33.79     0.999993       454998    145635.56
       33.79     0.999994       454998    154202.35
       33.79     0.999994       454998    163840.00
       33.79     0.999994       454998    174762.67
       33.79     0.999995       454998    187245.71
       33.79     0.999995       454998    201649.23
       33.79     0.999995       454998    218453.33
       34.56     0.999996       455000    238312.73
       34.56     1.000000       455000          inf
#[Mean    =        3.164, StdDeviation   =        0.989]
#[Max     =       34.559, Total count    =       455000]
#[Buckets =           10, SubBuckets     =          256]
