       Value   Percentile   TotalCount 1/(1-Percentile)

        0.06     0.000000            3         1.00
        1.30     0.050000        97827         1.05
        1.33     0.100000       195167         1.11
        1.35     0.150000       280974         1.18
        1.37     0.200000       395996         1.25
        1.38     0.250000       463670         1.33
        1.39     0.300000       612284         1.43
        1.40     0.350000       688923         1.54
        1.41     0.400000       764016         1.67
        1.42     0.450000       835831         1.82
        1.43     0.500000       960434         2.00
        1.43     0.525000       960434         2.11
        1.44     0.550000      1012150         2.22
        1.45     0.575000      1056787         2.35
        1.46     0.600000      1095532         2.50
        1.47     0.625000      1158226         2.67
        1.48     0.650000      1183478         2.86
        1.50     0.675000      1239624         3.08
        1.53     0.700000      1273580         3.33
        1.63     0.725000      1320306         3.64
        1.73     0.750000      1366571         4.00
        1.76     0.762500      1391925         4.21
        1.78     0.775000      1414170         4.44
        1.81     0.787500      1439051         4.71
        1.82     0.800000      1456690         5.00
        1.85     0.812500      1485015         5.33
        1.86     0.825000      1504457         5.71
        1.88     0.837500      1524592         6.15
        1.90     0.850000      1555215         6.67
        1.92     0.862500      1575397         7.27
        1.94     0.875000      1595442         8.00
        1.94     0.881250      1605115         8.42
        1.95     0.887500      1614710         8.89
        1.97     0.893750      1633102         9.41
        1.98     0.900000      1641643        10.00
        1.98     0.906250      1649835        10.67
        2.00     0.912500      1665032        11.43
        2.01     0.918750      1671875        12.31
        2.02     0.925000      1684379        13.33
        2.04     0.931250      1695072        14.55
        2.06     0.937500      1708521        16.00
        2.08     0.940625      1715958        16.84
        2.08     0.943750      1715958        17.78
        2.10     0.946875      1722131        18.82
        2.11     0.950000      1727395        20.00
        2.14     0.953125      1735296        21.33
        2.17     0.956250      1740314        22.86
        2.22     0.959375      1744545        24.62
        2.45     0.962500      1750771        26.67
        2.50     0.965625      1756207        29.09
        2.53     0.968750      1762146        32.00
        2.54     0.970313      1765758        33.68
        2.56     0.971875      1769820        35.56
        2.56     0.973437      1769820        37.65
        2.58     0.975000      1774059        40.00
        2.59     0.976562      1778464        42.67
        2.59     0.978125      1778464        45.71
        2.61     0.979688      1782852        49.23
        2.62     0.981250      1787279        53.33
        2.62     0.982812      1787279        58.18
        2.64     0.984375      1791390        64.00
        2.64     0.985156      1791390        67.37
        2.65     0.985938      1795091        71.11
        2.65     0.986719      1795091        75.29
        2.67     0.987500      1798456        80.00
        2.67     0.988281      1798456        85.33
        2.67     0.989062      1798456        91.43
        2.69     0.989844      1801496        98.46
        2.69     0.990625      1801496       106.67
        2.70     0.991406      1804034       116.36
        2.70     0.992188      1804034       128.00
        2.72     0.992578      1806212       134.74
        2.72     0.992969      1806212       142.22
        2.72     0.993359      1806212       150.59
        2.73     0.993750      1808056       160.00
        2.73     0.994141      1808056       170.67
        2.75     0.994531      1809572       182.86
        2.75     0.994922      1809572       196.92
        2.75     0.995313      1809572       213.33
        2.77     0.995703      1810721       232.73
        2.78     0.996094      1811650       256.00
        2.78     0.996289      1811650       269.47
        2.78     0.996484      1811650       284.44
        2.80     0.996680      1812352       301.18
        2.80     0.996875      1812352       320.00
        2.81     0.997070      1812907       341.33
        2.83     0.997266      1813319       365.71
        2.85     0.997461      1813587       393.85
        2.86     0.997656      1813771       426.67
        2.93     0.997852      1814111       465.45
        3.18     0.998047      1814452       512.00
        3.34     0.998145      1814647       538.95
        3.49     0.998242      1814813       568.89
        3.66     0.998340      1814985       602.35
        3.82     0.998437      1815160       640.00
        4.00     0.998535      1815354       682.67
        4.16     0.998633      1815538       731.43
        4.32     0.998730      1815718       787.69
        4.48     0.998828      1815895       853.33
        4.61     0.998926      1816065       930.91
        4.77     0.999023      1816245      1024.00
        4.83     0.999072      1816318      1077.89
        4.93     0.999121      1816434      1137.78
        4.99     0.999170      1816509      1204.71
        5.09     0.999219      1816605      1280.00
        5.15     0.999268      1816680      1365.33
        5.25     0.999316      1816779      1462.86
        5.31     0.999365      1816851      1575.38
        5.41     0.999414      1816952      1706.67
        5.47     0.999463      1817025      1861.82
        5.57     0.999512      1817124      2048.00
        5.60     0.999536      1817168      2155.79
        5.66     0.999561      1817231      2275.56
        5.70     0.999585      1817261      2409.41
        5.73     0.999609      1817297      2560.00
        5.79     0.999634      1817363      2730.67
        5.82     0.999658      1817391      2925.71
        5.86     0.999683      1817427      3150.77
        5.92     0.999707      1817487      3413.33
        5.95     0.999731      1817513      3723.64
        6.01     0.999756      1817559      4096.00
        6.05     0.999768      1817588      4311.58
        6.08     0.999780      1817608      4551.11
        6.11     0.999792      1817628      4818.82
        6.14     0.999805      1817647      5120.00
        6.21     0.999817      1817680      5461.33
        6.24     0.999829      1817702      5851.43
        6.27     0.999841      1817716      6301.54
        6.30     0.999854      1817736      6826.67
        6.37     0.999866      1817761      7447.27
        6.43     0.999878      1817788      8192.00
        6.46     0.999884      1817803      8623.16
        6.46     0.999890      1817803      9102.22
        6.50     0.999896      1817819      9637.65
        6.53     0.999902      1817827     10240.00
        6.56     0.999908      1817838     10922.67
        6.59     0.999915      1817852     11702.86
        6.62     0.999921      1817861     12603.08
        6.66     0.999927      1817871     13653.33
        6.69     0.999933      1817880     14894.55
        6.75     0.999939      1817895     16384.00
        6.75     0.999942      1817895     17246.32
        6.82     0.999945      1817909     18204.44
        6.82     0.999948      1817909     19275.29
        6.85     0.999951      1817919     20480.00
        6.85     0.999954      1817919     21845.33
        6.91     0.999957      1817927     23405.71
        6.94     0.999960      1817932     25206.15
        6.97     0.999963      1817941     27306.67
        6.97     0.999966      1817941     29789.09
        7.01     0.999969      1817945     32768.00
        7.04     0.999971      1817950     34492.63
        7.07     0.999973      1817953     36408.89
        7.07     0.999974      1817953     38550.59
        7.10     0.999976      1817958     40960.00
        7.13     0.999977      1817963     43690.67
        7.13     0.999979      1817963     46811.43
        7.17     0.999980      1817970     50412.31
        7.17     0.999982      1817970     54613.33
        7.17     0.999983      1817970     59578.18
        7.23     0.999985      1817976     65536.00
        7.23     0.999986      1817976     68985.26
        7.23     0.999986      1817976     72817.78
        7.26     0.999987      1817981     77101.18
        7.26     0.999988      1817981     81920.00
        7.26     0.999989      1817981     87381.33
        7.26     0.999989      1817981     93622.86
        7.29     0.999990      1817985    100824.62
        7.29     0.999991      1817985    109226.67
        7.29     0.999992      1817985    119156.36
        7.36     0.999992      1817987    131072.00
        7.36     0.999993      1817987    137970.53
        7.39     0.999993      1817988    145635.56
        7.42     0.999994      1817993    154202.35
        7.42     0.999994      1817993    163840.00
        7.42     0.999994      1817993    174762.67
        7.42     0.999995      1817993    187245.71
        7.42     0.999995      1817993    201649.23
        7.42     0.999995      1817993    218453.33
        7.42     0.999996      1817993    238312.73
        7.55     0.999996      1817995    262144.00
        7.55     0.999996      1817995    275941.05
        7.55     0.999997      1817995    291271.11
        7.55     0.999997      1817995    308404.71
        7.55     0.999997      1817995    327680.00
        7.55     0.999997      1817995    349525.33
        7.58     0.999997      1817997    374491.43
        7.58     0.999998      1817997    403298.46
        7.58     0.999998      1817997    436906.67
        7.58     0.999998      1817997    476625.45
        7.58     0.999998      1817997    524288.00
        7.58     0.999998      1817997    551882.11
        7.58     0.999998      1817997    582542.22
        7.74     0.999998      1817998    616809.41
        7.74     0.999998      1817998    655360.00
        7.74     0.999999      1817998    699050.67
        7.74     0.999999      1817998    748982.86
        7.74     0.999999      1817998    806596.92
        7.74     0.999999      1817998    873813.33
        7.90     0.999999      1817999    953250.91
        7.90     0.999999      1817999   1048576.00
        7.90     0.999999      1817999   1103764.21
        7.90     0.999999      1817999   1165084.44
        7.90     0.999999      1817999   1233618.82
        7.90     0.999999      1817999   1310720.00
        7.90     0.999999      1817999   1398101.33
        7.90     0.999999      1817999   1497965.71
        7.90     0.999999      1817999   1613193.85
        7.90     0.999999      1817999   1747626.67
        8.06     0.999999      1818000   1906501.82
        8.06     1.000000      1818000          inf
#[Mean    =        1.553, StdDeviation   =        0.359]
#[Max     =        8.063, Total count    =      1818000]
#[Buckets =           10, SubBuckets     =          256]
