       Value   Percentile   TotalCount 1/(1-Percentile)

        0.06     0.000000            1         1.00
        1.30     0.050000         9652         1.05
        1.33     0.100000        19270         1.11
        1.35     0.150000        27671         1.18
        1.37     0.200000        38902         1.25
        1.38     0.250000        52762         1.33
        1.39     0.300000        60300         1.43
        1.40     0.350000        67912         1.54
        1.41     0.400000        75438         1.67
        1.42     0.450000        82664         1.82
        1.43     0.500000        95358         2.00
        1.44     0.525000       100617         2.11
        1.44     0.550000       100617         2.22
        1.45     0.575000       105199         2.35
        1.46     0.600000       112556         2.50
        1.47     0.625000       115432         2.67
        1.49     0.650000       120149         2.86
        1.50     0.675000       123632         3.08
        1.53     0.700000       127820         3.33
        1.65     0.725000       132135         3.64
        1.74     0.750000       136628         4.00
        1.77     0.762500       139265         4.21
        1.79     0.775000       141632         4.44
        1.81     0.787500       143329         4.71
        1.83     0.800000       145936         5.00
        1.85     0.812500       148799         5.33
        1.87     0.825000       150820         5.71
        1.89     0.837500       152796         6.15
        1.90     0.850000       154894         6.67
        1.92     0.862500       157017         7.27
        1.94     0.875000       159985         8.00
        1.95     0.881250       160944         8.42
        1.96     0.887500       161925         8.89
        1.97     0.893750       162879         9.41
        1.98     0.900000       164609        10.00
        1.99     0.906250       165387        10.67
        2.00     0.912500       166162        11.43
        2.02     0.918750       167522        12.31
        2.03     0.925000       168763        13.33
        2.05     0.931250       169809        14.55
        2.06     0.937500       170690        16.00
        2.08     0.940625       171413        16.84
        2.10     0.943750       172040        17.78
        2.11     0.946875       172576        18.82
        2.13     0.950000       173038        20.00
        2.16     0.953125       173646        21.33
        2.19     0.956250       174057        22.86
        2.37     0.959375       174623        24.62
        2.48     0.962500       175260        26.67
        2.53     0.965625       176065        29.09
        2.54     0.968750       176438        32.00
        2.56     0.970313       176871        33.68
        2.58     0.971875       177296        35.56
        2.58     0.973437       177296        37.65
        2.59     0.975000       177673        40.00
        2.61     0.976562       178137        42.67
        2.61     0.978125       178137        45.71
        2.62     0.979688       178603        49.23
        2.62     0.981250       178603        53.33
        2.64     0.982812       179031        58.18
        2.65     0.984375       179403        64.00
        2.65     0.985156       179403        67.37
        2.67     0.985938       179748        71.11
        2.67     0.986719       179748        75.29
        2.67     0.987500       179748        80.00
        2.69     0.988281       180061        85.33
        2.69     0.989062       180061        91.43
        2.70     0.989844       180343        98.46
        2.70     0.990625       180343       106.67
        2.72     0.991406       180559       116.36
        2.73     0.992188       180745       128.00
        2.73     0.992578       180745       134.74
        2.73     0.992969       180745       142.22
        2.75     0.993359       180927       150.59
        2.75     0.993750       180927       160.00
        2.77     0.994141       181065       170.67
        2.77     0.994531       181065       182.86
        2.78     0.994922       181145       196.92
        2.80     0.995313       181221       213.33
        2.80     0.995703       181221       232.73
        2.83     0.996094       181327       256.00
        2.83     0.996289       181327       269.47
        2.86     0.996484       181369       284.44
        2.90     0.996680       181397       301.18
        3.09     0.996875       181432       320.00
        3.29     0.997070       181467       341.33
        3.62     0.997266       181505       365.71
        3.97     0.997461       181539       393.85
        4.29     0.997656       181574       426.67
        4.64     0.997852       181611       465.45
        4.86     0.998047       181645       512.00
        5.02     0.998145       181666       538.95
        5.18     0.998242       181682       568.89
        5.31     0.998340       181699       602.35
        5.44     0.998437       181718       640.00
        5.63     0.998535       181734       682.67
        5.86     0.998633       181752       731.43
        6.14     0.998730       181769       787.69
        6.66     0.998828       181787       853.33
        9.54     0.998926       181806       930.91
        9.86     0.999023       181826      1024.00
        9.98     0.999072       181833      1077.89
       10.11     0.999121       181843      1137.78
       10.18     0.999170       181849      1204.71
       10.30     0.999219       181861      1280.00
       10.37     0.999268       181868      1365.33
       10.49     0.999316       181882      1462.86
       10.56     0.999365       181885      1575.38
       10.69     0.999414       181896      1706.67
       10.75     0.999463       181904      1861.82
       10.88     0.999512       181914      2048.00
       10.94     0.999536       181919      2155.79
       11.01     0.999561       181923      2275.56
       11.07     0.999585       181928      2409.41
       11.13     0.999609       181933      2560.00
       11.20     0.999634       181936      2730.67
       11.26     0.999658       181942      2925.71
       11.33     0.999683       181946      3150.77
       11.39     0.999707       181951      3413.33
       11.46     0.999731       181956      3723.64
       11.46     0.999756       181956      4096.00
       11.52     0.999768       181960      4311.58
       11.58     0.999780       181965      4551.11
       11.58     0.999792       181965      4818.82
       11.58     0.999805       181965      5120.00
       11.65     0.999817       181971      5461.33
       11.65     0.999829       181971      5851.43
       11.71     0.999841       181976      6301.54
       11.71     0.999854       181976      6826.67
       11.71     0.999866       181976      7447.27
       11.78     0.999878       181980      8192.00
       11.78     0.999884       181980      8623.16
       11.84     0.999890       181983      9102.22
       11.84     0.999896       181983      9637.65
       11.84     0.999902       181983     10240.00
       11.90     0.999908       181986     10922.67
       11.90     0.999915       181986     11702.86
       11.90     0.999921       181986     12603.08
       11.97     0.999927       181990     13653.33
       11.97     0.999933       181990     14894.55
       11.97     0.999939       181990     16384.00
       11.97     0.999942       181990     17246.32
       12.03     0.999945       181991     18204.44
       12.03     0.999948       181991     19275.29
       12.16     0.999951       181993     20480.00
       12.16     0.999954       181993     21845.33
       12.16     0.999957       181993     23405.71
       12.16     0.999960       181993     25206.15
       12.29     0.999963       181994     27306.67
       12.29     0.999966       181994     29789.09
       12.99     0.999969       181995     32768.00
       12.99     0.999971       181995     34492.63
       13.12     0.999973       181997     36408.89
       13.12     0.999974       181997     38550.59
       13.12     0.999976       181997     40960.00
       13.12     0.999977       181997     43690.67
       13.12     0.999979       181997     46811.43
       13.12     0.999980       181997     50412.31
       13.12     0.999982       181997     54613.33
       13.12     0.999983       181997     59578.18
       13.25     0.999985       181999     65536.00
       13.25     0.999986       181999     68985.26
       13.25     0.999986       181999     72817.78
       13.25     0.999987       181999     77101.18
       13.25     0.999988       181999     81920.00
       13.25     0.999989       181999     87381.33
       13.25     0.999989       181999     93622.86
       13.25     0.999990       181999    100824.62
       13.25     0.999991       181999    109226.67
       13.25     0.999992       181999    119156.36
       13.25     0.999992       181999    131072.00
       13.25     0.999993       181999    137970.53
       13.25     0.999993       181999    145635.56
       13.25     0.999994       181999    154202.35
       13.25     0.999994       181999    163840.00
       13.25     0.999994       181999    174762.67
       13.31     0.999995       182000    187245.71
       13.31     1.000000       182000          inf
#[Mean    =        1.565, StdDeviation   =        0.473]
#[Max     =       13.311, Total count    =       182000]
#[Buckets =           10, SubBuckets     =          256]
