       Value   Percentile   TotalCount 1/(1-Percentile)

        0.06     0.000000            2         1.00
        2.69     0.050000       262630         1.05
        2.73     0.100000       506427         1.11
        2.75     0.150000       752477         1.18
        2.77     0.200000      1224337         1.25
        2.78     0.250000      1857526         1.33
        2.78     0.300000      1857526         1.43
        2.78     0.350000      1857526         1.54
        2.80     0.400000      2470080         1.67
        2.80     0.450000      2470080         1.82
        2.81     0.500000      2971328         2.00
        2.81     0.525000      2971328         2.11
        2.81     0.550000      2971328         2.22
        2.81     0.575000      2971328         2.35
        2.83     0.600000      3393649         2.50
        2.83     0.625000      3393649         2.67
        2.83     0.650000      3393649         2.86
        2.83     0.675000      3393649         3.08
        2.85     0.700000      3729023         3.33
        2.85     0.725000      3729023         3.64
        2.86     0.750000      4020034         4.00
        2.86     0.762500      4020034         4.21
        2.86     0.775000      4020034         4.44
        2.86     0.787500      4020034         4.71
        2.86     0.800000      4020034         5.00
        2.88     0.812500      4236039         5.33
        2.88     0.825000      4236039         5.71
        2.88     0.837500      4236039         6.15
        2.90     0.850000      4378956         6.67
        2.90     0.862500      4378956         7.27
        2.90     0.875000      4378956         8.00
        2.91     0.881250      4477152         8.42
        2.91     0.887500      4477152         8.89
        2.91     0.893750      4477152         9.41
        2.93     0.900000      4555887        10.00
        2.93     0.906250      4555887        10.67
        2.94     0.912500      4614067        11.43
        2.94     0.918750      4614067        12.31
        2.96     0.925000      4651272        13.33
        2.98     0.931250      4681171        14.55
        2.99     0.937500      4708202        16.00
        2.99     0.940625      4708202        16.84
        3.01     0.943750      4725072        17.78
        3.02     0.946875      4734974        18.82
        3.06     0.950000      4755716        20.00
        3.09     0.953125      4772324        21.33
        3.12     0.956250      4788573        22.86
        3.15     0.959375      4800581        24.62
        3.21     0.962500      4814836        26.67
        3.41     0.965625      4831397        29.09
        3.42     0.968750      4848607        32.00
        3.44     0.970313      4884966        33.68
        3.44     0.971875      4884966        35.56
        3.44     0.973437      4884966        37.65
        3.44     0.975000      4884966        40.00
        3.44     0.976562      4884966        42.67
        3.46     0.978125      4918818        45.71
        3.46     0.979688      4918818        49.23
        3.46     0.981250      4918818        53.33
        3.46     0.982812      4918818        58.18
        3.47     0.984375      4935157        64.00
        3.47     0.985156      4935157        67.37
        3.47     0.985938      4935157        71.11
        3.47     0.986719      4935157        75.29
        3.49     0.987500      4940197        80.00
        3.50     0.988281      4942504        85.33
        3.52     0.989062      4947253        91.43
        3.54     0.989844      4955819        98.46
        3.54     0.990625      4955819       106.67
        3.55     0.991406      4959754       116.36
        3.57     0.992188      4962212       128.00
        3.58     0.992578      4963501       134.74
        3.63     0.992969      4965190       142.22
        3.76     0.993359      4966797       150.59
        4.16     0.993750      4968996       160.00
        4.35     0.994141      4970721       170.67
        4.77     0.994531      4972744       182.86
        5.38     0.994922      4974612       196.92
        6.33     0.995313      4976602       213.33
        7.39     0.995703      4978536       232.73
        8.51     0.996094      4980504       256.00
        9.09     0.996289      4981516       269.47
        9.66     0.996484      4982517       284.44
       10.18     0.996680      4983460       301.18
       10.69     0.996875      4984377       320.00
       11.26     0.997070      4985437       341.33
       11.71     0.997266      4986348       365.71
       12.16     0.997461      4987317       393.85
       12.48     0.997656      4988328       426.67
       13.12     0.997852      4989366       465.45
       13.70     0.998047      4990341       512.00
       13.95     0.998145      4990747       538.95
       14.27     0.998242      4991288       568.89
       14.53     0.998340      4991709       602.35
       14.85     0.998437      4992263       640.00
       15.10     0.998535      4992690       682.67
       15.42     0.998633      4993224       731.43
       15.68     0.998730      4993676       787.69
       16.00     0.998828      4994199       853.33
       16.32     0.998926      4994701       930.91
       16.64     0.999023      4995201      1024.00
       16.77     0.999072      4995397      1077.89
       17.02     0.999121      4995765      1137.78
       17.15     0.999170      4995964      1204.71
       17.28     0.999219      4996136      1280.00
       17.54     0.999268      4996481      1365.33
       17.66     0.999316      4996638      1462.86
       17.92     0.999365      4996928      1575.38
       18.18     0.999414      4997157      1706.67
       18.43     0.999463      4997333      1861.82
       18.94     0.999512      4997559      2048.00
       19.45     0.999536      4997688      2155.79
       20.09     0.999561      4997822      2275.56
       20.73     0.999585      4997938      2409.41
       21.38     0.999609      4998048      2560.00
       22.14     0.999634      4998187      2730.67
       22.78     0.999658      4998295      2925.71
       23.55     0.999683      4998425      3150.77
       24.19     0.999707      4998540      3413.33
       24.96     0.999731      4998668      3723.64
       25.73     0.999756      4998797      4096.00
       25.98     0.999768      4998841      4311.58
       26.37     0.999780      4998902      4551.11
       26.75     0.999792      4998964      4818.82
       27.14     0.999805      4999024      5120.00
       27.52     0.999817      4999091      5461.33
       27.90     0.999829      4999152      5851.43
       28.29     0.999841      4999224      6301.54
       28.67     0.999854      4999287      6826.67
       28.93     0.999866      4999336      7447.27
       29.31     0.999878      4999395      8192.00
       29.44     0.999884      4999421      8623.16
       29.70     0.999890      4999466      9102.22
       29.82     0.999896      4999484      9637.65
       30.08     0.999902      4999528     10240.00
       30.21     0.999908      4999547     10922.67
       30.46     0.999915      4999588     11702.86
       30.59     0.999921      4999608     12603.08
       30.72     0.999927      4999634     13653.33
       30.98     0.999933      4999678     14894.55
       31.10     0.999939      4999700     16384.00
       31.23     0.999942      4999717     17246.32
       31.36     0.999945      4999733     18204.44
       31.49     0.999948      4999755     19275.29
       31.61     0.999951      4999775     20480.00
       31.61     0.999954      4999775     21845.33
       31.74     0.999957      4999793     23405.71
       31.87     0.999960      4999807     25206.15
       32.00     0.999963      4999819     27306.67
       32.26     0.999966      4999835     29789.09
       32.38     0.999969      4999853     32768.00
       32.51     0.999971      4999871     34492.63
       32.51     0.999973      4999871     36408.89
       32.51     0.999974      4999871     38550.59
       32.64     0.999976      4999878     40960.00
       33.02     0.999977      4999905     43690.67
       33.02     0.999979      4999905     46811.43
       33.02     0.999980      4999905     50412.31
       33.28     0.999982      4999923     54613.33
       33.28     0.999983      4999923     59578.18
       33.53     0.999985      4999929     65536.00
       33.53     0.999986      4999929     68985.26
       33.79     0.999986      4999944     72817.78
       33.79     0.999987      4999944     77101.18
       33.79     0.999988      4999944     81920.00
       33.79     0.999989      4999944     87381.33
       34.05     0.999989      4999951     93622.86
       34.05     0.999990      4999951    100824.62
       34.30     0.999991      4999963    109226.67
       34.30     0.999992      4999963    119156.36
       34.30     0.999992      4999963    131072.00
       34.56     0.999993      4999966    137970.53
       34.56     0.999993      4999966    145635.56
       34.81     0.999994      4999973    154202.35
       34.81     0.999994      4999973    163840.00
       34.81     0.999994      4999973    174762.67
       35.07     0.999995      4999977    187245.71
       35.07     0.999995      4999977    201649.23
       35.33     0.999995      4999983    218453.33
       35.33     0.999996      4999983    238312.73
       35.33     0.999996      4999983    262144.00
       35.33     0.999996      4999983    275941.05
       35.33     0.999997      4999983    291271.11
       35.58     0.999997      4999987    308404.71
       35.58     0.999997      4999987    327680.00
       35.58     0.999997      4999987    349525.33
       35.58     0.999997      4999987    374491.43
       36.09     0.999998      4999988    403298.46
       36.35     0.999998      4999989    436906.67
       36.61     0.999998      4999990    476625.45
       36.86     0.999998      4999991    524288.00
       36.86     0.999998      4999991    551882.11
       37.12     0.999998      4999992    582542.22
       37.12     0.999998      4999992    616809.41
      207.87     0.999998      4999993    655360.00
      207.87     0.999999      4999993    699050.67
      208.90     0.999999      4999994    748982.86
      208.90     0.999999      4999994    806596.92
      210.94     0.999999      4999996    873813.33
      210.94     0.999999      4999996    953250.91
      210.94     0.999999      4999996   1048576.00
      210.94     0.999999      4999996   1103764.21
      210.94     0.999999      4999996   1165084.44
      210.94     0.999999      4999996   1233618.82
      211.97     0.999999      4999997   1310720.00
      211.97     0.999999      4999997   1398101.33
      211.97     0.999999      4999997   1497965.71
      211.97     0.999999      4999997   1613193.85
      212.99     0.999999      5000000   1747626.67
      212.99     1.000000      5000000          inf
#[Mean    =        2.871, StdDeviation   =        0.883]
#[Max     =      212.991, Total count    =      5000000]
#[Buckets =           10, SubBuckets     =          256]
