       Value   Percentile   TotalCount 1/(1-Percentile)

        0.06     0.000000            2         1.00
        2.69     0.050000       237794         1.05
        2.73     0.100000       459304         1.11
        2.75     0.150000       683195         1.18
        2.77     0.200000      1112079         1.25
        2.78     0.250000      1687857         1.33
        2.78     0.300000      1687857         1.43
        2.78     0.350000      1687857         1.54
        2.80     0.400000      2245058         1.67
        2.80     0.450000      2245058         1.82
        2.81     0.500000      2700451         2.00
        2.81     0.525000      2700451         2.11
        2.81     0.550000      2700451         2.22
        2.81     0.575000      2700451         2.35
        2.83     0.600000      3084442         2.50
        2.83     0.625000      3084442         2.67
        2.83     0.650000      3084442         2.86
        2.83     0.675000      3084442         3.08
        2.85     0.700000      3389627         3.33
        2.85     0.725000      3389627         3.64
        2.86     0.750000      3654440         4.00
        2.86     0.762500      3654440         4.21
        2.86     0.775000      3654440         4.44
        2.86     0.787500      3654440         4.71
        2.86     0.800000      3654440         5.00
        2.88     0.812500      3850844         5.33
        2.88     0.825000      3850844         5.71
        2.88     0.837500      3850844         6.15
        2.90     0.850000      3980686         6.67
        2.90     0.862500      3980686         7.27
        2.90     0.875000      3980686         8.00
        2.91     0.881250      4069674         8.42
        2.91     0.887500      4069674         8.89
        2.91     0.893750      4069674         9.41
        2.93     0.900000      4140915        10.00
        2.93     0.906250      4140915        10.67
        2.94     0.912500      4193763        11.43
        2.94     0.918750      4193763        12.31
        2.96     0.925000      4227603        13.33
        2.98     0.931250      4254821        14.55
        2.99     0.937500      4279352        16.00
        2.99     0.940625      4279352        16.84
        3.01     0.943750      4294535        17.78
        3.02     0.946875      4303613        18.82
        3.06     0.950000      4322601        20.00
        3.09     0.953125      4337936        21.33
        3.12     0.956250      4352503        22.86
        3.15     0.959375      4363451        24.62
        3.21     0.962500      4376329        26.67
        3.41     0.965625      4391213        29.09
        3.42     0.968750      4406682        32.00
        3.44     0.970313      4439628        33.68
        3.44     0.971875      4439628        35.56
        3.44     0.973437      4439628        37.65
        3.44     0.975000      4439628        40.00
        3.44     0.976562      4439628        42.67
        3.46     0.978125      4470550        45.71
        3.46     0.979688      4470550        49.23
        3.46     0.981250      4470550        53.33
        3.46     0.982812      4470550        58.18
        3.47     0.984375      4485634        64.00
        3.47     0.985156      4485634        67.37
        3.47     0.985938      4485634        71.11
        3.47     0.986719      4485634        75.29
        3.49     0.987500      4490247        80.00
        3.50     0.988281      4492370        85.33
        3.52     0.989062      4496685        91.43
        3.54     0.989844      4504496        98.46
        3.54     0.990625      4504496       106.67
        3.55     0.991406      4508070       116.36
        3.57     0.992188      4510307       128.00
        3.58     0.992578      4511467       134.74
        3.65     0.992969      4513611       142.22
        3.82     0.993359      4514841       150.59
        4.19     0.993750      4516687       160.00
        4.45     0.994141      4518396       170.67
        4.89     0.994531      4520164       182.86
        5.57     0.994922      4521941       196.92
        6.56     0.995313      4523714       213.33
        7.71     0.995703      4525514       232.73
        8.83     0.996094      4527258       256.00
        9.41     0.996289      4528170       269.47
        9.98     0.996484      4529120       284.44
       10.49     0.996680      4529955       301.18
       11.01     0.996875      4530809       320.00
       11.52     0.997070      4531748       341.33
       11.97     0.997266      4532603       365.71
       12.35     0.997461      4533616       393.85
       12.73     0.997656      4534385       426.67
       13.31     0.997852      4535292       465.45
       13.89     0.998047      4536180       512.00
       14.14     0.998145      4536578       538.95
       14.46     0.998242      4537092       568.89
       14.72     0.998340      4537488       602.35
       14.97     0.998437      4537904       640.00
       15.29     0.998535      4538410       682.67
       15.55     0.998633      4538811       731.43
       15.87     0.998730      4539315       787.69
       16.13     0.998828      4539701       853.33
       16.51     0.998926      4540271       930.91
       16.77     0.999023      4540638      1024.00
       16.89     0.999072      4540824      1077.89
       17.15     0.999121      4541172      1137.78
       17.28     0.999170      4541333      1204.71
       17.41     0.999219      4541494      1280.00
       17.66     0.999268      4541807      1365.33
       17.79     0.999316      4541955      1462.86
       18.05     0.999365      4542183      1575.38
       18.30     0.999414      4542380      1706.67
       18.69     0.999463      4542571      1861.82
       19.45     0.999512      4542796      2048.00
       19.97     0.999536      4542899      2155.79
       20.61     0.999561      4543009      2275.56
       21.25     0.999585      4543114      2409.41
       22.02     0.999609      4543248      2560.00
       22.66     0.999634      4543348      2730.67
       23.30     0.999658      4543454      2925.71
       23.93     0.999683      4543558      3150.77
       24.57     0.999707      4543670      3413.33
       25.34     0.999731      4543800      3723.64
       25.98     0.999756      4543901      4096.00
       26.37     0.999768      4543960      4311.58
       26.75     0.999780      4544020      4551.11
       27.01     0.999792      4544059      4818.82
       27.39     0.999805      4544123      5120.00
       27.77     0.999817      4544185      5461.33
       28.03     0.999829      4544230      5851.43
       28.41     0.999841      4544290      6301.54
       28.80     0.999854      4544353      6826.67
       29.05     0.999866      4544397      7447.27
       29.44     0.999878      4544458      8192.00
       29.57     0.999884      4544477      8623.16
       29.70     0.999890      4544501      9102.22
       29.95     0.999896      4544539      9637.65
       30.08     0.999902      4544562     10240.00
       30.34     0.999908      4544598     10922.67
       30.46     0.999915      4544617     11702.86
       30.72     0.999921      4544662     12603.08
       30.85     0.999927      4544684     13653.33
       30.98     0.999933      4544705     14894.55
       31.10     0.999939      4544726     16384.00
       31.23     0.999942      4544742     17246.32
       31.36     0.999945      4544758     18204.44
       31.49     0.999948      4544780     19275.29
       31.49     0.999951      4544780     20480.00
       31.61     0.999954      4544798     21845.33
       31.74     0.999957      4544814     23405.71
       31.87     0.999960      4544827     25206.15
       32.00     0.999963      4544839     27306.67
       32.26     0.999966      4544853     29789.09
       32.38     0.999969      4544870     32768.00
       32.38     0.999971      4544870     34492.63
       32.51     0.999973      4544886     36408.89
       32.51     0.999974      4544886     38550.59
       32.64     0.999976      4544893     40960.00
       32.77     0.999977      4544897     43690.67
       33.02     0.999979      4544918     46811.43
       33.02     0.999980      4544918     50412.31
       33.02     0.999982      4544918     54613.33
       33.28     0.999983      4544934     59578.18
       33.28     0.999985      4544934     65536.00
       33.53     0.999986      4544940     68985.26
       33.53     0.999986      4544940     72817.78
       33.79     0.999987      4544953     77101.18
       33.79     0.999988      4544953     81920.00
       33.79     0.999989      4544953     87381.33
       33.79     0.999989      4544953     93622.86
       34.05     0.999990      4544960    100824.62
       34.05     0.999991      4544960    109226.67
       34.30     0.999992      4544969    119156.36
       34.30     0.999992      4544969    131072.00
       34.30     0.999993      4544969    137970.53
       34.30     0.999993      4544969    145635.56
       34.56     0.999994      4544971    154202.35
       34.81     0.999994      4544977    163840.00
       34.81     0.999994      4544977    174762.67
       34.81     0.999995      4544977    187245.71
       35.07     0.999995      4544980    201649.23
       35.07     0.999995      4544980    218453.33
       35.33     0.999996      4544984    238312.73
       35.33     0.999996      4544984    262144.00
       35.33     0.999996      4544984    275941.05
       35.58     0.999997      4544987    291271.11
       35.58     0.999997      4544987    308404.71
       35.58     0.999997      4544987    327680.00
       35.58     0.999997      4544987    349525.33
       36.09     0.999997      4544988    374491.43
       36.35     0.999998      4544989    403298.46
       36.61     0.999998      4544990    436906.67
       36.86     0.999998      4544991    476625.45
       37.12     0.999998      4544992    524288.00
       37.12     0.999998      4544992    551882.11
      207.87     0.999998      4544993    582542.22
      207.87     0.999998      4544993    616809.41
      208.90     0.999998      4544994    655360.00
      208.90     0.999999      4544994    699050.67
      208.90     0.999999      4544994    748982.86
      210.94     0.999999      4544996    806596.92
      210.94     0.999999      4544996    873813.33
      210.94     0.999999      4544996    953250.91
      210.94     0.999999      4544996   1048576.00
      210.94     0.999999      4544996   1103764.21
      211.97     0.999999      4544997   1165084.44
      211.97     0.999999      4544997   1233618.82
      211.97     0.999999      4544997   1310720.00
      211.97     0.999999      4544997   1398101.33
      211.97     0.999999      4544997   1497965.71
      212.99     0.999999      4545000   1613193.85
      212.99     1.000000      4545000          inf
#[Mean    =        2.872, StdDeviation   =        0.900]
#[Max     =      212.991, Total count    =      4545000]
#[Buckets =           10, SubBuckets     =          256]
