       Value   Percentile   TotalCount 1/(1-Percentile)

        0.06     0.000000           21         1.00
        2.65     0.050000       299509         1.05
        2.69     0.100000       493706         1.11
        2.72     0.150000       812042         1.18
        2.73     0.200000       949011         1.25
        2.75     0.250000      1159979         1.33
        2.77     0.300000      1412789         1.43
        2.78     0.350000      1650666         1.54
        2.80     0.400000      1846970         1.67
        2.83     0.450000      2088358         1.82
        2.91     0.500000      2293132         2.00
        3.33     0.525000      2391708         2.11
        3.36     0.550000      2673956         2.22
        3.36     0.575000      2673956         2.35
        3.38     0.600000      2918334         2.50
        3.38     0.625000      2918334         2.67
        3.39     0.650000      3225098         2.86
        3.39     0.675000      3225098         3.08
        3.39     0.700000      3225098         3.33
        3.41     0.725000      3512283         3.64
        3.41     0.750000      3512283         4.00
        3.41     0.762500      3512283         4.21
        3.42     0.775000      3743230         4.44
        3.42     0.787500      3743230         4.71
        3.42     0.800000      3743230         5.00
        3.42     0.812500      3743230         5.33
        3.44     0.825000      3898212         5.71
        3.44     0.837500      3898212         6.15
        3.44     0.850000      3898212         6.67
        3.46     0.862500      4014521         7.27
        3.46     0.875000      4014521         8.00
        3.46     0.881250      4014521         8.42
        3.47     0.887500      4108198         8.89
        3.47     0.893750      4108198         9.41
        3.47     0.900000      4108198        10.00
        3.49     0.906250      4176901        10.67
        3.49     0.912500      4176901        11.43
        3.49     0.918750      4176901        12.31
        3.50     0.925000      4215980        13.33
        3.52     0.931250      4237398        14.55
        3.58     0.937500      4264932        16.00
        3.65     0.940625      4276955        16.84
        3.68     0.943750      4313245        17.78
        3.68     0.946875      4313245        18.82
        3.69     0.950000      4339158        20.00
        3.69     0.953125      4339158        21.33
        3.71     0.956250      4358148        22.86
        3.73     0.959375      4373210        24.62
        3.74     0.962500      4390598        26.67
        3.74     0.965625      4390598        29.09
        3.76     0.968750      4403198        32.00
        3.77     0.970313      4413209        33.68
        3.79     0.971875      4423364        35.56
        3.81     0.973437      4435557        37.65
        3.81     0.975000      4435557        40.00
        3.82     0.976562      4444775        42.67
        3.84     0.978125      4454019        45.71
        3.84     0.979688      4454019        49.23
        3.85     0.981250      4464883        53.33
        3.87     0.982812      4478006        58.18
        3.87     0.984375      4478006        64.00
        3.87     0.985156      4478006        67.37
        3.89     0.985938      4489154        71.11
        3.89     0.986719      4489154        75.29
        3.89     0.987500      4489154        80.00
        3.90     0.988281      4493989        85.33
        3.92     0.989062      4496213        91.43
        4.01     0.989844      4499224        98.46
        4.25     0.990625      4502482       106.67
        4.38     0.991406      4506444       116.36
        4.70     0.992188      4510670       128.00
        4.74     0.992578      4513383       134.74
        4.74     0.992969      4513383       142.22
        4.77     0.993359      4514978       150.59
        5.09     0.993750      4516722       160.00
        5.34     0.994141      4518461       170.67
        6.01     0.994531      4520256       182.86
        6.85     0.994922      4521952       196.92
        7.74     0.995313      4523730       213.33
        8.70     0.995703      4525536       232.73
        9.66     0.996094      4527328       256.00
       10.18     0.996289      4528219       269.47
       10.69     0.996484      4529105       284.44
       11.13     0.996680      4529915       301.18
       11.65     0.996875      4530956       320.00
       11.97     0.997070      4531688       341.33
       12.29     0.997266      4532605       365.71
       12.73     0.997461      4533477       393.85
       13.31     0.997656      4534404       426.67
       13.82     0.997852      4535240       465.45
       14.40     0.998047      4536206       512.00
       14.65     0.998145      4536628       538.95
       14.91     0.998242      4537057       568.89
       15.17     0.998340      4537489       602.35
       15.42     0.998437      4537917       640.00
       15.68     0.998535      4538360       682.67
       16.00     0.998633      4538882       731.43
       16.25     0.998730      4539291       787.69
       16.51     0.998828      4539678       853.33
       16.89     0.998926      4540264       930.91
       17.15     0.999023      4540645      1024.00
       17.28     0.999072      4540819      1077.89
       17.54     0.999121      4541187      1137.78
       17.66     0.999170      4541341      1204.71
       17.79     0.999219      4541519      1280.00
       17.92     0.999268      4541673      1365.33
       18.18     0.999316      4541947      1462.86
       18.43     0.999365      4542174      1575.38
       18.69     0.999414      4542373      1706.67
       19.07     0.999463      4542577      1861.82
       19.71     0.999512      4542786      2048.00
       20.22     0.999536      4542910      2155.79
       20.73     0.999561      4543023      2275.56
       21.25     0.999585      4543125      2409.41
       21.89     0.999609      4543232      2560.00
       22.66     0.999634      4543360      2730.67
       23.30     0.999658      4543454      2925.71
       24.06     0.999683      4543568      3150.77
       24.83     0.999707      4543675      3413.33
       25.60     0.999731      4543784      3723.64
       26.37     0.999756      4543893      4096.00
       26.88     0.999768      4543956      4311.58
       27.26     0.999780      4544007      4551.11
       27.65     0.999792      4544067      4818.82
       28.16     0.999805      4544127      5120.00
       28.41     0.999817      4544168      5461.33
       28.93     0.999829      4544235      5851.43
       29.31     0.999841      4544289      6301.54
       29.70     0.999854      4544340      6826.67
       30.21     0.999866      4544404      7447.27
       30.46     0.999878      4544446      8192.00
       30.72     0.999884      4544478      8623.16
       30.98     0.999890      4544509      9102.22
       31.10     0.999896      4544535      9637.65
       31.36     0.999902      4544573     10240.00
       31.49     0.999908      4544587     10922.67
       31.74     0.999915      4544615     11702.86
       32.00     0.999921      4544654     12603.08
       32.13     0.999927      4544671     13653.33
       32.38     0.999933      4544699     14894.55
       32.64     0.999939      4544743     16384.00
       32.64     0.999942      4544743     17246.32
       32.77     0.999945      4544760     18204.44
       33.02     0.999948      4544787     19275.29
       33.02     0.999951      4544787     20480.00
       33.28     0.999954      4544824     21845.33
       33.28     0.999957      4544824     23405.71
       33.28     0.999960      4544824     25206.15
       33.53     0.999963      4544848     27306.67
       33.53     0.999966      4544848     29789.09
       33.79     0.999969      4544865     32768.00
       34.05     0.999971      4544895     34492.63
       34.05     0.999973      4544895     36408.89
       34.05     0.999974      4544895     38550.59
       34.05     0.999976      4544895     40960.00
       34.30     0.999977      4544914     43690.67
       34.30     0.999979      4544914     46811.43
       34.30     0.999980      4544914     50412.31
       34.56     0.999982      4544931     54613.33
       34.56     0.999983      4544931     59578.18
       34.56     0.999985      4544931     65536.00
       34.81     0.999986      4544941     68985.26
       34.81     0.999986      4544941     72817.78
       35.07     0.999987      4544952     77101.18
       35.07     0.999988      4544952     81920.00
       35.07     0.999989      4544952     87381.33
       35.07     0.999989      4544952     93622.86
       35.33     0.999990      4544960    100824.62
       35.33     0.999991      4544960    109226.67
       35.58     0.999992      4544967    119156.36
       35.58     0.999992      4544967    131072.00
       35.84     0.999993      4544974    137970.53
       35.84     0.999993      4544974    145635.56
       35.84     0.999994      4544974    154202.35
       35.84     0.999994      4544974    163840.00
       35.84     0.999994      4544974    174762.67
       36.09     0.999995      4544980    187245.71
       36.09     0.999995      4544980    201649.23
       36.09     0.999995      4544980    218453.33
       36.35     0.999996      4544985    238312.73
       36.35     0.999996      4544985    262144.00
       36.35     0.999996      4544985    275941.05
       36.35     0.999997      4544985    291271.11
       36.61     0.999997      4544986    308404.71
       36.86     0.999997      4544989    327680.00
       36.86     0.999997      4544989    349525.33
       36.86     0.999997      4544989    374491.43
       36.86     0.999998      4544989    403298.46
       37.12     0.999998      4544991    436906.67
       37.12     0.999998      4544991    476625.45
       37.38     0.999998      4544992    524288.00
       37.38     0.999998      4544992    551882.11
       37.63     0.999998      4544993    582542.22
       37.63     0.999998      4544993    616809.41
      208.90     0.999998      4544996    655360.00
      208.90     0.999999      4544996    699050.67
      208.90     0.999999      4544996    748982.86
      208.90     0.999999      4544996    806596.92
      208.90     0.999999      4544996    873813.33
      208.90     0.999999      4544996    953250.91
      208.90     0.999999      4544996   1048576.00
      208.90     0.999999      4544996   1103764.21
      209.92     0.999999      4545000   1165084.44
      209.92     1.000000      4545000          inf
#[Mean    =        3.127, StdDeviation   =        0.987]
#[Max     =      209.919, Total count    =      4545000]
#[Buckets =           10, SubBuckets     =          256]
