       Value   Percentile   TotalCount 1/(1-Percentile)

        0.06     0.000000            5         1.00
        2.65     0.050000        30521         1.05
        2.69     0.100000        49946         1.11
        2.72     0.150000        81662         1.18
        2.73     0.200000        95465         1.25
        2.75     0.250000       116762         1.33
        2.77     0.300000       141788         1.43
        2.78     0.350000       165579         1.54
        2.80     0.400000       185062         1.67
        2.83     0.450000       209412         1.82
        2.91     0.500000       229588         2.00
        3.33     0.525000       239630         2.11
        3.36     0.550000       267553         2.22
        3.36     0.575000       267553         2.35
        3.38     0.600000       292532         2.50
        3.38     0.625000       292532         2.67
        3.39     0.650000       323454         2.86
        3.39     0.675000       323454         3.08
        3.39     0.700000       323454         3.33
        3.41     0.725000       352351         3.64
        3.41     0.750000       352351         4.00
        3.41     0.762500       352351         4.21
        3.42     0.775000       375093         4.44
        3.42     0.787500       375093         4.71
        3.42     0.800000       375093         5.00
        3.42     0.812500       375093         5.33
        3.44     0.825000       390285         5.71
        3.44     0.837500       390285         6.15
        3.44     0.850000       390285         6.67
        3.46     0.862500       401893         7.27
        3.46     0.875000       401893         8.00
        3.46     0.881250       401893         8.42
        3.47     0.887500       411320         8.89
        3.47     0.893750       411320         9.41
        3.47     0.900000       411320        10.00
        3.49     0.906250       418278        10.67
        3.49     0.912500       418278        11.43
        3.49     0.918750       418278        12.31
        3.50     0.925000       422092        13.33
        3.52     0.931250       424285        14.55
        3.57     0.937500       426574        16.00
        3.63     0.940625       427989        16.84
        3.66     0.943750       429487        17.78
        3.68     0.946875       431949        18.82
        3.69     0.950000       434425        20.00
        3.69     0.953125       434425        21.33
        3.71     0.956250       436357        22.86
        3.73     0.959375       437827        24.62
        3.74     0.962500       439565        26.67
        3.74     0.965625       439565        29.09
        3.76     0.968750       440905        32.00
        3.77     0.970313       441914        33.68
        3.79     0.971875       442871        35.56
        3.81     0.973437       444204        37.65
        3.81     0.975000       444204        40.00
        3.82     0.976562       445096        42.67
        3.82     0.978125       445096        45.71
        3.84     0.979688       445963        49.23
        3.85     0.981250       447071        53.33
        3.87     0.982812       448335        58.18
        3.87     0.984375       448335        64.00
        3.87     0.985156       448335        67.37
        3.89     0.985938       449425        71.11
        3.89     0.986719       449425        75.29
        3.89     0.987500       449425        80.00
        3.90     0.988281       449916        85.33
        3.92     0.989062       450107        91.43
        4.01     0.989844       450387        98.46
        4.16     0.990625       450777       106.67
        4.35     0.991406       451244       116.36
        4.51     0.992188       451472       128.00
        4.70     0.992578       451751       134.74
        4.74     0.992969       451962       142.22
        4.77     0.993359       452145       150.59
        4.80     0.993750       452212       160.00
        5.05     0.994141       452342       170.67
        5.79     0.994531       452512       182.86
        6.59     0.994922       452698       196.92
        7.49     0.995313       452868       213.33
        8.38     0.995703       453054       232.73
        9.21     0.996094       453227       256.00
        9.66     0.996289       453318       269.47
       10.18     0.996484       453411       284.44
       10.56     0.996680       453509       301.18
       11.01     0.996875       453584       320.00
       11.46     0.997070       453668       341.33
       12.10     0.997266       453763       365.71
       12.61     0.997461       453846       393.85
       13.12     0.997656       453938       426.67
       13.63     0.997852       454025       465.45
       14.27     0.998047       454120       512.00
       14.46     0.998145       454158       538.95
       14.78     0.998242       454207       568.89
       15.04     0.998340       454246       602.35
       15.36     0.998437       454293       640.00
       15.68     0.998535       454341       682.67
       15.94     0.998633       454384       731.43
       16.19     0.998730       454427       787.69
       16.51     0.998828       454483       853.33
       16.77     0.998926       454519       930.91
       17.15     0.999023       454570      1024.00
       17.28     0.999072       454590      1077.89
       17.41     0.999121       454608      1137.78
       17.54     0.999170       454627      1204.71
       17.79     0.999219       454654      1280.00
       17.92     0.999268       454669      1365.33
       18.30     0.999316       454694      1462.86
       18.56     0.999365       454714      1575.38
       18.94     0.999414       454735      1706.67
       19.58     0.999463       454757      1861.82
       20.73     0.999512       454779      2048.00
       21.50     0.999536       454792      2155.79
       22.02     0.999561       454804      2275.56
       22.53     0.999585       454812      2409.41
       23.04     0.999609       454824      2560.00
       23.93     0.999634       454834      2730.67
       24.57     0.999658       454845      2925.71
       25.21     0.999683       454858      3150.77
       25.98     0.999707       454869      3413.33
       26.62     0.999731       454878      3723.64
       27.39     0.999756       454890      4096.00
       27.90     0.999768       454895      4311.58
       28.54     0.999780       454901      4551.11
       28.93     0.999792       454907      4818.82
       29.31     0.999805       454913      5120.00
       29.57     0.999817       454917      5461.33
       29.82     0.999829       454923      5851.43
       30.08     0.999841       454929      6301.54
       30.34     0.999854       454934      6826.67
       30.72     0.999866       454939      7447.27
       31.23     0.999878       454946      8192.00
       31.49     0.999884       454952      8623.16
       31.49     0.999890       454952      9102.22
       31.61     0.999896       454954      9637.65
       31.74     0.999902       454959     10240.00
       31.74     0.999908       454959     10922.67
       31.87     0.999915       454962     11702.86
       32.13     0.999921       454966     12603.08
       32.38     0.999927       454968     13653.33
       32.51     0.999933       454970     14894.55
       32.77     0.999939       454973     16384.00
       33.02     0.999942       454976     17246.32
       33.02     0.999945       454976     18204.44
       33.28     0.999948       454982     19275.29
       33.28     0.999951       454982     20480.00
       33.28     0.999954       454982     21845.33
       33.28     0.999957       454982     23405.71
       33.28     0.999960       454982     25206.15
       33.79     0.999963       454987     27306.67
       33.79     0.999966       454987     29789.09
       33.79     0.999969       454987     32768.00
       33.79     0.999971       454987     34492.63
       34.30     0.999973       454990     36408.89
       34.30     0.999974       454990     38550.59
       34.30     0.999976       454990     40960.00
       34.30     0.999977       454990     43690.67
       34.56     0.999979       454991     46811.43
       34.56     0.999980       454991     50412.31
       34.81     0.999982       454992     54613.33
       35.07     0.999983       454993     59578.18
       35.58     0.999985       454994     65536.00
       35.58     0.999986       454994     68985.26
       35.58     0.999986       454994     72817.78
       35.84     0.999987       454995     77101.18
       35.84     0.999988       454995     81920.00
       35.84     0.999989       454995     87381.33
       36.09     0.999989       454996     93622.86
       36.09     0.999990       454996    100824.62
       36.09     0.999991       454996    109226.67
       36.35     0.999992       454999    119156.36
       36.35     0.999992       454999    131072.00
       36.35     0.999993       454999    137970.53
       36.35     0.999993       454999    145635.56
       36.35     0.999994       454999    154202.35
       36.35     0.999994       454999    163840.00
       36.35     0.999994       454999    174762.67
       36.35     0.999995       454999    187245.71
       36.35     0.999995       454999    201649.23
       36.35     0.999995       454999    218453.33
       36.35     0.999996       454999    238312.73
       36.35     0.999996       454999    262144.00
       36.35     0.999996       454999    275941.05
       36.35     0.999997       454999    291271.11
       36.35     0.999997       454999    308404.71
       36.35     0.999997       454999    327680.00
       36.35     0.999997       454999    349525.33
       36.35     0.999997       454999    374491.43
       36.35     0.999998       454999    403298.46
       36.35     0.999998       454999    436906.67
       36.86     0.999998       455000    476625.45
       36.86     1.000000       455000          inf
#[Mean    =        3.124, StdDeviation   =        0.956]
#[Max     =       36.863, Total count    =       455000]
#[Buckets =           10, SubBuckets     =          256]
