       Value   Percentile   TotalCount 1/(1-Percentile)

        0.06     0.000000           13         1.00
        1.41     0.050000       107918         1.05
        1.43     0.100000       200585         1.11
        1.45     0.150000       299777         1.18
        1.46     0.200000       428181         1.25
        1.47     0.250000       501774         1.33
        1.48     0.300000       578564         1.43
        1.49     0.350000       657056         1.54
        1.50     0.400000       734808         1.67
        1.51     0.450000       879173         1.82
        1.52     0.500000       941852         2.00
        1.53     0.525000       998726         2.11
        1.53     0.550000      1048698         2.22
        1.53     0.575000      1048698         2.35
        1.54     0.600000      1091270         2.50
        1.56     0.625000      1160145         2.67
        1.57     0.650000      1186988         2.86
        1.58     0.675000      1228816         3.08
        1.61     0.700000      1278184         3.33
        1.76     0.725000      1318615         3.64
        1.88     0.750000      1365083         4.00
        1.91     0.762500      1387791         4.21
        1.94     0.775000      1414894         4.44
        1.97     0.787500      1437653         4.71
        1.99     0.800000      1462445         5.00
        2.01     0.812500      1479761         5.33
        2.03     0.825000      1506556         5.71
        2.05     0.837500      1524985         6.15
        2.08     0.850000      1561536         6.67
        2.10     0.862500      1579515         7.27
        2.11     0.875000      1596385         8.00
        2.13     0.881250      1612112         8.42
        2.14     0.887500      1626477         8.89
        2.14     0.893750      1626477         9.41
        2.16     0.900000      1639226        10.00
        2.17     0.906250      1649996        10.67
        2.19     0.912500      1659329        11.43
        2.22     0.918750      1673517        12.31
        2.25     0.925000      1683075        13.33
        2.32     0.931250      1693128        14.55
        2.59     0.937500      1707490        16.00
        2.61     0.940625      1713770        16.84
        2.62     0.943750      1721016        17.78
        2.64     0.946875      1727339        18.82
        2.64     0.950000      1727339        20.00
        2.67     0.953125      1735351        21.33
        2.69     0.956250      1738735        22.86
        2.72     0.959375      1746535        24.62
        2.73     0.962500      1751052        26.67
        2.75     0.965625      1755801        29.09
        2.78     0.968750      1766213        32.00
        2.78     0.970313      1766213        33.68
        2.80     0.971875      1771604        35.56
        2.80     0.973437      1771604        37.65
        2.81     0.975000      1776837        40.00
        2.81     0.976562      1776837        42.67
        2.83     0.978125      1781868        45.71
        2.83     0.979688      1781868        49.23
        2.85     0.981250      1786547        53.33
        2.86     0.982812      1790979        58.18
        2.86     0.984375      1790979        64.00
        2.88     0.985156      1794848        67.37
        2.88     0.985938      1794848        71.11
        2.88     0.986719      1794848        75.29
        2.90     0.987500      1798162        80.00
        2.90     0.988281      1798162        85.33
        2.90     0.989062      1798162        91.43
        2.91     0.989844      1800949        98.46
        2.93     0.990625      1803423       106.67
        2.93     0.991406      1803423       116.36
        2.94     0.992188      1805369       128.00
        2.94     0.992578      1805369       134.74
        2.94     0.992969      1805369       142.22
        2.96     0.993359      1806882       150.59
        2.96     0.993750      1806882       160.00
        2.98     0.994141      1808129       170.67
        2.98     0.994531      1808129       182.86
        2.99     0.994922      1809037       196.92
        3.01     0.995313      1809734       213.33
        3.02     0.995703      1810245       232.73
        3.07     0.996094      1811057       256.00
        3.10     0.996289      1811275       269.47
        3.26     0.996484      1811637       284.44
        3.46     0.996680      1811967       301.18
        3.65     0.996875      1812319       320.00
        3.76     0.997070      1812707       341.33
        3.87     0.997266      1813032       365.71
        4.16     0.997461      1813403       393.85
        4.45     0.997656      1813748       426.67
        4.74     0.997852      1814108       465.45
        4.99     0.998047      1814457       512.00
        5.09     0.998145      1814660       538.95
        5.15     0.998242      1815014       568.89
        5.15     0.998340      1815014       602.35
        5.18     0.998437      1815288       640.00
        5.21     0.998535      1815595       682.67
        5.21     0.998633      1815595       731.43
        5.25     0.998730      1815923       787.69
        5.25     0.998828      1815923       853.33
        5.28     0.998926      1816169       930.91
        5.31     0.999023      1816334      1024.00
        5.31     0.999072      1816334      1077.89
        5.34     0.999121      1816444      1137.78
        5.38     0.999170      1816516      1204.71
        5.44     0.999219      1816633      1280.00
        5.47     0.999268      1816682      1365.33
        5.54     0.999316      1816765      1462.86
        5.63     0.999365      1816874      1575.38
        5.70     0.999414      1816943      1706.67
        5.79     0.999463      1817051      1861.82
        5.86     0.999512      1817119      2048.00
        5.92     0.999536      1817183      2155.79
        5.95     0.999561      1817220      2275.56
        5.98     0.999585      1817253      2409.41
        6.05     0.999609      1817315      2560.00
        6.08     0.999634      1817344      2730.67
        6.14     0.999658      1817389      2925.71
        6.21     0.999683      1817430      3150.77
        6.27     0.999707      1817476      3413.33
        6.37     0.999731      1817536      3723.64
        6.40     0.999756      1817569      4096.00
        6.43     0.999768      1817586      4311.58
        6.46     0.999780      1817605      4551.11
        6.53     0.999792      1817640      4818.82
        6.56     0.999805      1817652      5120.00
        6.62     0.999817      1817679      5461.33
        6.66     0.999829      1817706      5851.43
        6.69     0.999841      1817718      6301.54
        6.75     0.999854      1817735      6826.67
        6.82     0.999866      1817765      7447.27
        6.91     0.999878      1817792      8192.00
        6.91     0.999884      1817792      8623.16
        6.97     0.999890      1817811      9102.22
        7.01     0.999896      1817821      9637.65
        7.04     0.999902      1817827     10240.00
        7.07     0.999908      1817838     10922.67
        7.10     0.999915      1817845     11702.86
        7.17     0.999921      1817861     12603.08
        7.23     0.999927      1817868     13653.33
        7.29     0.999933      1817885     14894.55
        7.36     0.999939      1817896     16384.00
        7.36     0.999942      1817896     17246.32
        7.42     0.999945      1817905     18204.44
        7.46     0.999948      1817910     19275.29
        7.49     0.999951      1817914     20480.00
        7.52     0.999954      1817918     21845.33
        7.55     0.999957      1817924     23405.71
        7.62     0.999960      1817929     25206.15
        7.68     0.999963      1817938     27306.67
        7.71     0.999966      1817942     29789.09
        7.74     0.999969      1817946     32768.00
        7.78     0.999971      1817950     34492.63
        7.81     0.999973      1817952     36408.89
        7.84     0.999974      1817954     38550.59
        7.87     0.999976      1817956     40960.00
        7.90     0.999977      1817959     43690.67
        7.93     0.999979      1817962     46811.43
        8.00     0.999980      1817964     50412.31
        8.06     0.999982      1817972     54613.33
        8.06     0.999983      1817972     59578.18
        8.13     0.999985      1817974     65536.00
        8.13     0.999986      1817974     68985.26
        8.19     0.999986      1817978     72817.78
        8.19     0.999987      1817978     77101.18
        8.19     0.999988      1817978     81920.00
        8.26     0.999989      1817982     87381.33
        8.26     0.999989      1817982     93622.86
        8.26     0.999990      1817982    100824.62
        8.32     0.999991      1817987    109226.67
        8.32     0.999992      1817987    119156.36
        8.32     0.999992      1817987    131072.00
        8.32     0.999993      1817987    137970.53
        8.38     0.999993      1817990    145635.56
        8.38     0.999994      1817990    154202.35
        8.38     0.999994      1817990    163840.00
        8.38     0.999994      1817990    174762.67
        8.45     0.999995      1817992    187245.71
        8.45     0.999995      1817992    201649.23
        8.45     0.999995      1817992    218453.33
        8.51     0.999996      1817993    238312.73
        8.57     0.999996      1817995    262144.00
        8.57     0.999996      1817995    275941.05
        8.57     0.999997      1817995    291271.11
        8.57     0.999997      1817995    308404.71
        8.57     0.999997      1817995    327680.00
        8.57     0.999997      1817995    349525.33
        8.64     0.999997      1817996    374491.43
        8.64     0.999998      1817996    403298.46
        8.64     0.999998      1817996    436906.67
        8.70     0.999998      1817997    476625.45
        8.70     0.999998      1817997    524288.00
        8.70     0.999998      1817997    551882.11
        8.70     0.999998      1817997    582542.22
        8.77     0.999998      1817998    616809.41
        8.77     0.999998      1817998    655360.00
        8.77     0.999999      1817998    699050.67
        8.77     0.999999      1817998    748982.86
        8.77     0.999999      1817998    806596.92
        8.77     0.999999      1817998    873813.33
        9.66     0.999999      1817999    953250.91
        9.66     0.999999      1817999   1048576.00
        9.66     0.999999      1817999   1103764.21
        9.66     0.999999      1817999   1165084.44
        9.66     0.999999      1817999   1233618.82
        9.66     0.999999      1817999   1310720.00
        9.66     0.999999      1817999   1398101.33
        9.66     0.999999      1817999   1497965.71
        9.66     0.999999      1817999   1613193.85
        9.66     0.999999      1817999   1747626.67
        9.79     0.999999      1818000   1906501.82
        9.79     1.000000      1818000          inf
#[Mean    =        1.684, StdDeviation   =        0.428]
#[Max     =        9.791, Total count    =      1818000]
#[Buckets =           10, SubBuckets     =          256]
