       Value   Percentile   TotalCount 1/(1-Percentile)

        0.06     0.000000            2         1.00
        1.41     0.050000        10696         1.05
        1.43     0.100000        19815         1.11
        1.45     0.150000        29352         1.18
        1.46     0.200000        42085         1.25
        1.47     0.250000        49392         1.33
        1.48     0.300000        57140         1.43
        1.49     0.350000        65033         1.54
        1.50     0.400000        72861         1.67
        1.51     0.450000        87220         1.82
        1.52     0.500000        93628         2.00
        1.53     0.525000        99339         2.11
        1.53     0.550000       104411         2.22
        1.54     0.575000       108764         2.35
        1.55     0.600000       112503         2.50
        1.56     0.625000       115646         2.67
        1.57     0.650000       118416         2.86
        1.59     0.675000       124283         3.08
        1.61     0.700000       127758         3.33
        1.77     0.725000       132039         3.64
        1.89     0.750000       137019         4.00
        1.91     0.762500       138780         4.21
        1.94     0.775000       141483         4.44
        1.97     0.787500       143700         4.71
        1.99     0.800000       146151         5.00
        2.02     0.812500       148737         5.33
        2.03     0.825000       150559         5.71
        2.06     0.837500       154192         6.15
        2.08     0.850000       156009         6.67
        2.10     0.862500       157725         7.27
        2.11     0.875000       159456         8.00
        2.13     0.881250       161079         8.42
        2.14     0.887500       162501         8.89
        2.16     0.893750       163804         9.41
        2.16     0.900000       163804        10.00
        2.19     0.906250       165857        10.67
        2.21     0.912500       166645        11.43
        2.22     0.918750       167291        12.31
        2.27     0.925000       168550        13.33
        2.37     0.931250       169522        14.55
        2.59     0.937500       170655        16.00
        2.61     0.940625       171278        16.84
        2.62     0.943750       171989        17.78
        2.64     0.946875       172639        18.82
        2.65     0.950000       173114        20.00
        2.67     0.953125       173490        21.33
        2.70     0.956250       174190        22.86
        2.73     0.959375       175018        24.62
        2.75     0.962500       175540        26.67
        2.77     0.965625       176026        29.09
        2.78     0.968750       176553        32.00
        2.80     0.970313       177116        33.68
        2.80     0.971875       177116        35.56
        2.81     0.973437       177661        37.65
        2.81     0.975000       177661        40.00
        2.83     0.976562       178178        42.67
        2.83     0.978125       178178        45.71
        2.85     0.979688       178665        49.23
        2.85     0.981250       178665        53.33
        2.86     0.982812       179099        58.18
        2.88     0.984375       179460        64.00
        2.88     0.985156       179460        67.37
        2.88     0.985938       179460        71.11
        2.90     0.986719       179773        75.29
        2.90     0.987500       179773        80.00
        2.91     0.988281       180067        85.33
        2.91     0.989062       180067        91.43
        2.93     0.989844       180321        98.46
        2.93     0.990625       180321       106.67
        2.94     0.991406       180521       116.36
        2.96     0.992188       180679       128.00
        2.96     0.992578       180679       134.74
        2.98     0.992969       180816       142.22
        2.98     0.993359       180816       150.59
        2.99     0.993750       180921       160.00
        3.01     0.994141       180998       170.67
        3.02     0.994531       181054       182.86
        3.04     0.994922       181088       196.92
        3.13     0.995313       181154       213.33
        3.49     0.995703       181218       232.73
        3.79     0.996094       181292       256.00
        3.97     0.996289       181325       269.47
        4.32     0.996484       181362       284.44
        4.61     0.996680       181399       301.18
        4.89     0.996875       181437       320.00
        5.09     0.997070       181469       341.33
        5.15     0.997266       181504       365.71
        5.21     0.997461       181572       393.85
        5.25     0.997656       181595       426.67
        5.28     0.997852       181632       465.45
        5.31     0.998047       181653       512.00
        5.34     0.998145       181666       538.95
        5.47     0.998242       181683       568.89
        5.60     0.998340       181698       602.35
        5.82     0.998437       181717       640.00
        6.01     0.998535       181735       682.67
        6.30     0.998633       181752       731.43
        6.85     0.998730       181769       787.69
        7.17     0.998828       181788       853.33
       30.08     0.998926       181813       930.91
       30.34     0.999023       181826      1024.00
       30.46     0.999072       181832      1077.89
       30.59     0.999121       181841      1137.78
       30.72     0.999170       181852      1204.71
       30.85     0.999219       181864      1280.00
       30.98     0.999268       181875      1365.33
       31.10     0.999316       181887      1462.86
       31.10     0.999365       181887      1575.38
       31.23     0.999414       181901      1706.67
       31.36     0.999463       181907      1861.82
       31.61     0.999512       181918      2048.00
       31.61     0.999536       181918      2155.79
       31.74     0.999561       181927      2275.56
       31.74     0.999585       181927      2409.41
       31.87     0.999609       181939      2560.00
       31.87     0.999634       181939      2730.67
       31.87     0.999658       181939      2925.71
       32.00     0.999683       181952      3150.77
       32.00     0.999707       181952      3413.33
       32.00     0.999731       181952      3723.64
       32.13     0.999756       181964      4096.00
       32.13     0.999768       181964      4311.58
       32.13     0.999780       181964      4551.11
       32.13     0.999792       181964      4818.82
       32.26     0.999805       181972      5120.00
       32.26     0.999817       181972      5461.33
       32.26     0.999829       181972      5851.43
       32.26     0.999841       181972      6301.54
       32.38     0.999854       181978      6826.67
       32.38     0.999866       181978      7447.27
       32.38     0.999878       181978      8192.00
       32.51     0.999884       181985      8623.16
       32.51     0.999890       181985      9102.22
       32.51     0.999896       181985      9637.65
       32.51     0.999902       181985     10240.00
       32.51     0.999908       181985     10922.67
       32.51     0.999915       181985     11702.86
       32.64     0.999921       181991     12603.08
       32.64     0.999927       181991     13653.33
       32.64     0.999933       181991     14894.55
       32.64     0.999939       181991     16384.00
       32.64     0.999942       181991     17246.32
       32.64     0.999945       181991     18204.44
       32.64     0.999948       181991     19275.29
       32.77     0.999951       181997     20480.00
       32.77     0.999954       181997     21845.33
       32.77     0.999957       181997     23405.71
       32.77     0.999960       181997     25206.15
       32.77     0.999963       181997     27306.67
       32.77     0.999966       181997     29789.09
       32.77     0.999969       181997     32768.00
       32.77     0.999971       181997     34492.63
       32.77     0.999973       181997     36408.89
       32.77     0.999974       181997     38550.59
       32.77     0.999976       181997     40960.00
       32.77     0.999977       181997     43690.67
       32.77     0.999979       181997     46811.43
       32.77     0.999980       181997     50412.31
       32.77     0.999982       181997     54613.33
       32.77     0.999983       181997     59578.18
       33.02     0.999985       182000     65536.00
       33.02     1.000000       182000          inf
#[Mean    =        1.717, StdDeviation   =        1.071]
#[Max     =       33.023, Total count    =       182000]
#[Buckets =           10, SubBuckets     =          256]
