       Value   Percentile   TotalCount 1/(1-Percentile)

        0.06     0.000000            1         1.00
        2.59     0.050000        25062         1.05
        2.64     0.100000        56827         1.11
        2.65     0.150000        72833         1.18
        2.69     0.200000       104953         1.25
        2.70     0.250000       116170         1.33
        2.75     0.300000       138290         1.43
        2.81     0.350000       162269         1.54
        2.90     0.400000       184223         1.67
        3.23     0.450000       204976         1.82
        3.26     0.500000       228360         2.00
        3.28     0.525000       241338         2.11
        3.29     0.550000       252820         2.22
        3.31     0.575000       262330         2.35
        3.34     0.600000       275988         2.50
        3.38     0.625000       292924         2.67
        3.39     0.650000       305824         2.86
        3.41     0.675000       325041         3.08
        3.41     0.700000       325041         3.33
        3.42     0.725000       353216         3.64
        3.42     0.750000       353216         4.00
        3.42     0.762500       353216         4.21
        3.42     0.775000       353216         4.44
        3.44     0.787500       381999         4.71
        3.44     0.800000       381999         5.00
        3.44     0.812500       381999         5.33
        3.44     0.825000       381999         5.71
        3.44     0.837500       381999         6.15
        3.46     0.850000       403218         6.67
        3.46     0.862500       403218         7.27
        3.46     0.875000       403218         8.00
        3.46     0.881250       403218         8.42
        3.47     0.887500       415851         8.89
        3.47     0.893750       415851         9.41
        3.47     0.900000       415851        10.00
        3.47     0.906250       415851        10.67
        3.47     0.912500       415851        11.43
        3.49     0.918750       424019        12.31
        3.49     0.925000       424019        13.33
        3.49     0.931250       424019        14.55
        3.50     0.937500       429727        16.00
        3.50     0.940625       429727        16.84
        3.50     0.943750       429727        17.78
        3.52     0.946875       433792        18.82
        3.52     0.950000       433792        20.00
        3.52     0.953125       433792        21.33
        3.54     0.956250       436909        22.86
        3.54     0.959375       436909        24.62
        3.55     0.962500       439938        26.67
        3.55     0.965625       439938        29.09
        3.57     0.968750       441536        32.00
        3.57     0.970313       441536        33.68
        3.58     0.971875       442632        35.56
        3.60     0.973437       443740        37.65
        3.60     0.975000       443740        40.00
        3.62     0.976562       444472        42.67
        3.65     0.978125       445392        45.71
        3.69     0.979688       445943        49.23
        3.84     0.981250       446498        53.33
        4.19     0.982812       447213        58.18
        4.38     0.984375       448075        64.00
        4.42     0.985156       448598        67.37
        4.45     0.985938       449412        71.11
        4.45     0.986719       449412        75.29
        4.45     0.987500       449412        80.00
        4.48     0.988281       450071        85.33
        4.48     0.989062       450071        91.43
        4.51     0.989844       450718        98.46
        4.54     0.990625       451240       106.67
        4.54     0.991406       451240       116.36
        4.58     0.992188       451505       128.00
        4.61     0.992578       451875       134.74
        4.61     0.992969       451875       142.22
        4.64     0.993359       452060       150.59
        4.70     0.993750       452178       160.00
        5.02     0.994141       452338       170.67
        5.73     0.994531       452515       182.86
        6.59     0.994922       452696       196.92
        7.55     0.995313       452869       213.33
        8.45     0.995703       453051       232.73
        9.41     0.996094       453230       256.00
        9.92     0.996289       453320       269.47
       10.37     0.996484       453413       284.44
       10.75     0.996680       453498       301.18
       11.13     0.996875       453587       320.00
       11.52     0.997070       453671       341.33
       12.03     0.997266       453759       365.71
       12.54     0.997461       453852       393.85
       12.93     0.997656       453937       426.67
       13.31     0.997852       454027       465.45
       13.82     0.998047       454124       512.00
       14.08     0.998145       454163       538.95
       14.40     0.998242       454211       568.89
       14.65     0.998340       454254       602.35
       14.91     0.998437       454294       640.00
       15.17     0.998535       454338       682.67
       15.49     0.998633       454389       731.43
       15.74     0.998730       454427       787.69
       16.00     0.998828       454476       853.33
       16.25     0.998926       454520       930.91
       16.51     0.999023       454566      1024.00
       16.64     0.999072       454588      1077.89
       16.77     0.999121       454610      1137.78
       16.89     0.999170       454633      1204.71
       17.02     0.999219       454661      1280.00
       17.15     0.999268       454677      1365.33
       17.28     0.999316       454701      1462.86
       17.41     0.999365       454720      1575.38
       17.54     0.999414       454738      1706.67
       17.66     0.999463       454756      1861.82
       17.92     0.999512       454787      2048.00
       18.05     0.999536       454803      2155.79
       18.05     0.999561       454803      2275.56
       18.18     0.999585       454812      2409.41
       18.30     0.999609       454827      2560.00
       18.43     0.999634       454835      2730.67
       18.56     0.999658       454845      2925.71
       18.82     0.999683       454860      3150.77
       18.94     0.999707       454867      3413.33
       19.20     0.999731       454881      3723.64
       19.58     0.999756       454891      4096.00
       19.97     0.999768       454895      4311.58
       20.73     0.999780       454902      4551.11
       21.50     0.999792       454907      4818.82
       22.40     0.999805       454912      5120.00
       23.17     0.999817       454917      5461.33
       24.06     0.999829       454923      5851.43
       24.70     0.999841       454929      6301.54
       25.73     0.999854       454934      6826.67
       26.24     0.999866       454939      7447.27
       27.14     0.999878       454945      8192.00
       27.52     0.999884       454949      8623.16
       28.29     0.999890       454951      9102.22
       28.80     0.999896       454953      9637.65
       29.31     0.999902       454957     10240.00
       29.82     0.999908       454960     10922.67
       29.95     0.999915       454962     11702.86
       30.46     0.999921       454966     12603.08
       30.59     0.999927       454967     13653.33
       30.98     0.999933       454970     14894.55
       31.36     0.999939       454975     16384.00
       31.36     0.999942       454975     17246.32
       31.61     0.999945       454976     18204.44
       31.74     0.999948       454980     19275.29
       31.74     0.999951       454980     20480.00
       31.74     0.999954       454980     21845.33
       32.00     0.999957       454981     23405.71
       32.38     0.999960       454983     25206.15
       32.51     0.999963       454984     27306.67
       32.64     0.999966       454985     29789.09
       32.77     0.999969       454987     32768.00
       32.77     0.999971       454987     34492.63
       33.02     0.999973       454988     36408.89
       33.28     0.999974       454989     38550.59
       33.28     0.999976       454989     40960.00
       33.53     0.999977       454993     43690.67
       33.53     0.999979       454993     46811.43
       33.53     0.999980       454993     50412.31
       33.53     0.999982       454993     54613.33
       33.53     0.999983       454993     59578.18
       33.79     0.999985       454994     65536.00
       33.79     0.999986       454994     68985.26
       33.79     0.999986       454994     72817.78
       34.30     0.999987       454997     77101.18
       34.30     0.999988       454997     81920.00
       34.30     0.999989       454997     87381.33
       34.30     0.999989       454997     93622.86
       34.30     0.999990       454997    100824.62
       34.30     0.999991       454997    109226.67
       34.30     0.999992       454997    119156.36
       34.30     0.999992       454997    131072.00
       34.30     0.999993       454997    137970.53
       34.30     0.999993       454997    145635.56
       34.56     0.999994       454998    154202.35
       34.56     0.999994       454998    163840.00
       34.56     0.999994       454998    174762.67
       34.56     0.999995       454998    187245.71
       34.56     0.999995       454998    201649.23
       34.56     0.999995       454998    218453.33
       35.07     0.999996       455000    238312.73
       35.07     1.000000       455000          inf
#[Mean    =        3.147, StdDeviation   =        0.889]
#[Max     =       35.071, Total count    =       455000]
#[Buckets =           10, SubBuckets     =          256]
